0 0.51015625 0.39765625 0.4375 0.6671875
0 0.08125 0.73515625 0.1625 0.5296875
0 0.175 0.734375 0.240625 0.53125
0 0.28671875 0.75078125 0.2234375 0.4984375
0 0.77421875 0.84453125 0.29375 0.29375
0 0.5671875 0.80703125 0.23125 0.3859375
0 0.39609375 0.828125 0.2046875 0.34375
0 0.9390625 0.7765625 0.121875 0.390625
0 0.91875 0.21328125 0.115625 0.340625
0 0.78984375 0.21875 0.1375 0.2953125
0 0.7015625 0.25703125 0.0859375 0.2609375
0 0.6328125 0.19609375 0.1140625 0.271875
0 0.55 0.20859375 0.09375 0.221875
0 0.9578125 0.46484375 0.084375 0.2328125