0 0.06484375 0.76015625 0.0984375 0.2671875
0 0.08359375 0.51796875 0.09375 0.2796875
0 0.04140625 0.15 0.0703125 0.3
0 0.1796875 0.12421875 0.1015625 0.2421875
0 0.22578125 0.56875 0.15 0.2453125
0 0.36015625 0.91171875 0.0765625 0.16875
0 0.50234375 0.86328125 0.0703125 0.2734375
0 0.7328125 0.83984375 0.075 0.3203125
0 0.75625 0.9265625 0.0875 0.146875
0 0.59140625 0.75390625 0.0953125 0.259375
0 0.665625 0.771875 0.0640625 0.3015625
0 0.85 0.71953125 0.0953125 0.3046875
0 0.9328125 0.73046875 0.0875 0.3484375
0 0.51171875 0.58828125 0.096875 0.275
0 0.30625 0.7140625 0.0859375 0.3375
0 0.37421875 0.7171875 0.109375 0.2953125
0 0.8859375 0.3828125 0.0640625 0.3375
0 0.9359375 0.51796875 0.075 0.3046875
0 0.75390625 0.6234375 0.084375 0.2328125
0 0.68671875 0.5953125 0.0953125 0.2609375
0 0.7046875 0.4421875 0.0828125 0.228125
0 0.4234375 0.51015625 0.0921875 0.1890625
0 0.34609375 0.50078125 0.0703125 0.2390625
0 0.4265625 0.1 0.0625 0.2
0 0.49609375 0.21640625 0.0640625 0.2734375
0 0.584375 0.41875 0.059375 0.1578125
0 0.51875 0.40234375 0.078125 0.1640625
0 0.77734375 0.3953125 0.0546875 0.246875
0 0.8015625 0.309375 0.06875 0.271875
0 0.7359375 0.31484375 0.059375 0.2859375
0 0.09140625 0.4203125 0.0609375 0.2671875
0 0.20234375 0.4234375 0.0578125 0.24375
0 0.2953125 0.31640625 0.071875 0.2046875
0 0.4 0.3296875 0.0734375 0.1640625
0 0.57890625 0.27890625 0.0671875 0.1796875
0 0.63203125 0.2875 0.0515625 0.2046875