0 0.09609375 0.61171875 0.1921875 0.7765625
0 0.178125 0.65078125 0.171875 0.6984375
0 0.35703125 0.66640625 0.1734375 0.6671875
0 0.49375 0.57578125 0.184375 0.8484375
0 0.57734375 0.57890625 0.2484375 0.8421875
0 0.68359375 0.609375 0.2234375 0.771875
0 0.82265625 0.59921875 0.2171875 0.7765625
0 0.9109375 0.525 0.178125 0.9125
0 0.4578125 0.37734375 0.046875 0.171875
0 0.3796875 0.26875 0.1109375 0.30625
0 0.053125 0.28125 0.10625 0.2875
0 0.215625 0.29921875 0.10625 0.228125
0 0.3046875 0.31328125 0.103125 0.2734375
0 0.85859375 0.23125 0.10625 0.259375