0 0.765625 0.70546875 0.3234375 0.5234375
0 0.50703125 0.73828125 0.3515625 0.5234375
0 0.5328125 0.69296875 0.296875 0.421875
0 0.546875 0.6734375 0.24375 0.353125
0 0.559375 0.6625 0.184375 0.3015625
0 0.56640625 0.6421875 0.15 0.246875
0 0.57734375 0.603125 0.1109375 0.2203125
0 0.18671875 0.69765625 0.3734375 0.6046875
0 0.27578125 0.734375 0.178125 0.346875
0 0.19453125 0.73125 0.1546875 0.3890625
0 0.33984375 0.6765625 0.1703125 0.25625
0 0.3734375 0.6875 0.134375 0.2515625
0 0.87265625 0.5765625 0.1328125 0.2859375
0 0.7609375 0.5703125 0.1140625 0.2421875
0 0.9109375 0.5671875 0.178125 0.70625