0 0.8921875 0.5359375 0.215625 0.809375
0 0.8484375 0.590625 0.24375 0.725
0 0.67421875 0.63359375 0.240625 0.6734375
0 0.5203125 0.5734375 0.271875 0.853125
0 0.43984375 0.58359375 0.3328125 0.8328125
0 0.34296875 0.62734375 0.3015625 0.7453125
0 0.20390625 0.63515625 0.2953125 0.7296875
0 0.11953125 0.57578125 0.2390625 0.8484375
0 0.515625 0.37109375 0.0640625 0.1734375
0 0.56953125 0.2484375 0.140625 0.3125
0 0.9015625 0.1921875 0.153125 0.2953125
0 0.73671875 0.24453125 0.128125 0.2359375
0 0.65234375 0.2765625 0.1296875 0.2796875
0 0.09375 0.3109375 0.1328125 0.2671875