0 0.25 0.6953125 0.32578125 0.60859375
0 0.7796875 0.84375 0.203125 0.3125
0 0.86015625 0.54296875 0.1359375 0.390625
0 0.3765625 0.5859375 0.1890625 0.22734375
0 0.4546875 0.7578125 0.2984375 0.1734375
0 0.0484375 0.46796875 0.09609375 0.22421875
0 0.7421875 0.30703125 0.021875 0.084375
0 0.6703125 0.3265625 0.0390625 0.09140625
0 0.4828125 0.37109375 0.06875 0.17578125
0 0.409375 0.384375 0.06015625 0.16875
0 0.315625 0.26328125 0.04296875 0.14765625
0 0.39375 0.253125 0.04921875 0.1109375
0 0.8125 0.303125 0.034375 0.08125
0 0.775 0.296875 0.02890625 0.1015625
0 0.20078125 0.41171875 0.09140625 0.19453125
0 0.28359375 0.4125 0.06875 0.2125
0 0.5796875 0.31875 0.05078125 0.14296875
0 0.26171875 0.2203125 0.0671875 0.17421875
0 0.44453125 0.228125 0.0484375 0.15546875
0 0.5015625 0.24609375 0.03828125 0.1125
0 0.05703125 0.35234375 0.06796875 0.11328125
0 0.5328125 0.68671875 0.22421875 0.315625
0 0.96953125 0.43046875 0.0609375 0.265625
0 0.6234375 0.21640625 0.02734375 0.103125
0 0.1703125 0.1984375 0.03125 0.08046875
0 0.1421875 0.203125 0.0265625 0.0890625
0 0.11796875 0.18671875 0.03125 0.09453125
0 0.08046875 0.18828125 0.04765625 0.09765625
0 0.8421875 0.30390625 0.0296875 0.09609375