0 0.075 0.62265625 0.096875 0.3703125
0 0.12109375 0.61796875 0.09375 0.3859375
0 0.2578125 0.65546875 0.0921875 0.3734375
0 0.309375 0.6453125 0.1015625 0.3796875
0 0.41953125 0.621875 0.090625 0.3609375
0 0.47734375 0.6203125 0.115625 0.4015625
0 0.58984375 0.665625 0.0921875 0.3765625
0 0.63359375 0.66015625 0.10625 0.4015625
0 0.8359375 0.66171875 0.0984375 0.3703125
0 0.85234375 0.62109375 0.0796875 0.3640625
0 0.94921875 0.53359375 0.0625 0.3359375
0 0.971875 0.53046875 0.05625 0.3171875
0 0.41484375 0.4015625 0.0578125 0.2171875
0 0.31953125 0.3671875 0.0671875 0.215625
0 0.06171875 0.40625 0.065625 0.275
0 0.12265625 0.39453125 0.05 0.228125
0 0.2609375 0.49140625 0.053125 0.2453125
0 0.2953125 0.46796875 0.04375 0.2171875
0 0.540625 0.48125 0.0578125 0.278125