0 0.7796875 0.63203125 0.4125 0.7359375
0 0.6265625 0.6171875 0.2875 0.765625
0 0.44296875 0.6203125 0.2515625 0.759375
0 0.284375 0.6453125 0.2421875 0.7046875
0 0.05546875 0.46171875 0.0796875 0.30625
0 0.59140625 0.23671875 0.08125 0.11875
0 0.82734375 0.209375 0.090625 0.103125
0 0.7375 0.08984375 0.0796875 0.146875
0 0.65703125 0.09453125 0.065625 0.1078125
0 0.8796875 0.07421875 0.0484375 0.1109375
0 0.809375 0.08984375 0.065625 0.1078125
0 0.1734375 0.1484375 0.05625 0.115625
0 0.23671875 0.14921875 0.046875 0.1046875
0 0.12421875 0.5390625 0.13125 0.4046875
0 0.31484375 0.5015625 0.1515625 0.3828125
0 0.26875 0.25625 0.05 0.084375
0 0.5046875 0.2015625 0.06875 0.065625
0 0.42265625 0.20234375 0.053125 0.065625