0 0.58359375 0.5640625 0.37109375 0.871875
0 0.2578125 0.5703125 0.30078125 0.859375
0 0.078125 0.58046875 0.15625 0.8390625
0 0.79765625 0.5578125 0.19765625 0.884375
0 0.5140625 0.34765625 0.0890625 0.28984375
0 0.91484375 0.63046875 0.1703125 0.7390625
0 0.89765625 0.31875 0.08046875 0.3265625
0 0.3328125 0.103125 0.06015625 0.09140625
0 0.95078125 0.1625 0.0984375 0.23125
0 0.21328125 0.15 0.1078125 0.1640625
0 0.14375 0.16171875 0.0609375 0.13515625
0 0.584375 0.0984375 0.078125 0.090625
0 0.67734375 0.09921875 0.059375 0.103125
0 0.73359375 0.08046875 0.071875 0.0828125
0 0.79375 0.0671875 0.0671875 0.09921875
0 0.36171875 0.278125 0.06171875 0.2578125
0 0.10546875 0.10390625 0.034375 0.09296875
0 0.37421875 0.03046875 0.05546875 0.046875
0 0.55625 0.06484375 0.06015625 0.06953125
0 0.434375 0.13515625 0.0890625 0.1125