0 0.0609375 0.4890625 0.121875 0.4125
0 0.22109375 0.50234375 0.1203125 0.3671875
0 0.3171875 0.559375 0.1625 0.4796875
0 0.496875 0.53359375 0.1296875 0.371875
0 0.41171875 0.44765625 0.0625 0.1828125
0 0.5578125 0.43046875 0.03125 0.1015625
0 0.63046875 0.571875 0.2015625 0.5703125
0 0.73984375 0.48203125 0.0828125 0.2421875
0 0.8390625 0.50078125 0.0765625 0.234375
0 0.796875 0.475 0.06875 0.2140625
0 0.921875 0.56875 0.15625 0.490625
0 0.88671875 0.49375 0.0578125 0.240625
0 0.98203125 0.48984375 0.0359375 0.2296875
0 0.8703125 0.4671875 0.0703125 0.1921875