0 0.3015625 0.7359375 0.1375 0.315625
0 0.5515625 0.54609375 0.1875 0.3171875
0 0.45 0.65078125 0.2171875 0.2578125
0 0.30625 0.48046875 0.1453125 0.203125
0 0.5390625 0.88203125 0.121875 0.2359375
0 0.19140625 0.1625 0.134375 0.2109375
0 0.1015625 0.1546875 0.1078125 0.225
0 0.69765625 0.80546875 0.1234375 0.240625
0 0.703125 0.2390625 0.15 0.18125
0 0.55234375 0.15 0.1890625 0.3
0 0.42578125 0.140625 0.146875 0.2796875
0 0.34375 0.1390625 0.1234375 0.2546875
0 0.0953125 0.3765625 0.190625 0.265625
0 0.0296875 0.15078125 0.059375 0.1984375
0 0.60390625 0.44375 0.1859375 0.2546875
0 0.73125 0.6390625 0.159375 0.25
0 0.8890625 0.43359375 0.1359375 0.284375
0 0.91171875 0.2578125 0.0984375 0.2015625
0 0.86640625 0.92734375 0.1078125 0.0734375
0 0.8265625 0.61328125 0.078125 0.1578125
0 0.83125 0.47578125 0.1 0.228125
0 0.7453125 0.06796875 0.146875 0.1359375
0 0.86875 0.04921875 0.115625 0.0984375
0 0.83828125 0.2140625 0.1125 0.165625
0 0.84140625 0.82890625 0.1046875 0.14375
0 0.21328125 0.60390625 0.1265625 0.19375