0 0.2734375 0.628125 0.1921875 0.61875
0 0.53515625 0.65546875 0.228125 0.6546875
0 0.65234375 0.33125 0.0296875 0.16484375
0 0.696875 0.371875 0.0234375 0.09140625
0 0.746875 0.5671875 0.03515625 0.22421875
0 0.88203125 0.5375 0.03046875 0.196875
0 0.9234375 0.61875 0.078125 0.3796875
0 0.79453125 0.37578125 0.02109375 0.0890625
0 0.81953125 0.37890625 0.02578125 0.09921875
0 0.8984375 0.3359375 0.0328125 0.165625
0 0.83515625 0.55390625 0.0453125 0.21796875
0 0.7984375 0.5609375 0.0421875 0.2078125
0 0.86328125 0.52421875 0.03359375 0.2
0 0.95078125 0.50859375 0.0359375 0.1921875