0 0.125 0.5625 0.084375 0.153125
0 0.19375 0.69140625 0.18125 0.2203125
0 0.36640625 0.659375 0.115625 0.165625
0 0.47578125 0.63125 0.0890625 0.16875
0 0.53203125 0.696875 0.0734375 0.1265625
0 0.575 0.87109375 0.103125 0.1578125
0 0.74296875 0.61015625 0.0640625 0.171875
0 0.59140625 0.67890625 0.084375 0.1828125
0 0.5328125 0.803125 0.0890625 0.16875
0 0.53515625 0.41171875 0.0375 0.103125
0 0.571875 0.40703125 0.0359375 0.1
0 0.61953125 0.41328125 0.04375 0.1
0 0.653125 0.37109375 0.034375 0.09375
0 0.50390625 0.315625 0.028125 0.0671875
0 0.5328125 0.303125 0.0234375 0.0875
0 0.55546875 0.3078125 0.0265625 0.0765625
0 0.58203125 0.31015625 0.0265625 0.065625
0 0.36640625 0.27734375 0.034375 0.0703125
0 0.32109375 0.2765625 0.0484375 0.0828125
0 0.26796875 0.29453125 0.034375 0.0859375
0 0.153125 0.3265625 0.0453125 0.1140625
0 0.0890625 0.3171875 0.0375 0.1125
0 0.184375 0.29140625 0.04375 0.0890625
0 0.8078125 0.53515625 0.05625 0.1625
0 0.6578125 0.52109375 0.0703125 0.1734375
0 0.69609375 0.52578125 0.0546875 0.1765625
0 0.73203125 0.46875 0.05625 0.140625
0 0.753125 0.46015625 0.0546875 0.1453125
0 0.84453125 0.484375 0.05625 0.171875
0 0.8 0.4359375 0.05625 0.1625
0 0.73359375 0.4109375 0.046875 0.1453125
0 0.84140625 0.40234375 0.05 0.1125
0 0.884375 0.4078125 0.0609375 0.128125
0 0.92578125 0.39296875 0.0453125 0.1203125
0 0.8796875 0.346875 0.0234375 0.0703125
0 0.8484375 0.3421875 0.0265625 0.0796875
0 0.8234375 0.33125 0.0171875 0.059375
0 0.81015625 0.32578125 0.0171875 0.065625
0 0.7953125 0.325 0.0140625 0.065625
0 0.7765625 0.32890625 0.0234375 0.065625
0 0.74375 0.34296875 0.034375 0.084375