0 0.10703125 0.546875 0.2140625 0.265625
0 0.38359375 0.41015625 0.1953125 0.2046875
0 0.5921875 0.428125 0.26328125 0.26484375
0 0.79921875 0.490625 0.3109375 0.34140625
0 0.5984375 0.22578125 0.20390625 0.44609375
0 0.33828125 0.75390625 0.2359375 0.315625
0 0.9234375 0.71171875 0.15234375 0.39140625
0 0.16484375 0.3828125 0.14453125 0.25703125
0 0.0453125 0.3828125 0.090625 0.25
0 0.31328125 0.2953125 0.13046875 0.1046875
0 0.209375 0.278125 0.09765625 0.11875
0 0.06640625 0.2453125 0.1109375 0.1046875
0 0.7484375 0.29296875 0.128125 0.2078125
0 0.75390625 0.21640625 0.1328125 0.0984375
0 0.97109375 0.30859375 0.0578125 0.20546875
0 0.18125 0.16875 0.10390625 0.13984375