0 0.0859375 0.60234375 0.159375 0.79453125
0 0.1703125 0.64375 0.134375 0.7125
0 0.34921875 0.659375 0.13984375 0.66015625
0 0.490625 0.57734375 0.140625 0.8453125
0 0.57421875 0.58359375 0.2046875 0.8328125
0 0.67734375 0.61875 0.184375 0.7625
0 0.8171875 0.615625 0.17734375 0.76875
0 0.921875 0.546875 0.15625 0.90625
0 0.4640625 0.375 0.0375 0.1703125
0 0.3921875 0.2625 0.09453125 0.3015625
0 0.05546875 0.25859375 0.1109375 0.28203125
0 0.2265625 0.284375 0.09453125 0.22421875
0 0.31484375 0.303125 0.0890625 0.26953125
0 0.871875 0.25 0.09375 0.25546875