0 0.89375 0.225 0.1421875 0.325
0 0.78671875 0.4171875 0.3796875 0.40625
0 0.6625 0.29375 0.153125 0.20625
0 0.521875 0.459375 0.240625 0.2796875
0 0.28359375 0.6984375 0.2140625 0.4515625
0 0.15703125 0.72109375 0.2703125 0.425
0 0.30234375 0.4234375 0.0578125 0.1265625
0 0.2578125 0.43125 0.0734375 0.128125
0 0.20234375 0.45234375 0.078125 0.1203125
0 0.04453125 0.53828125 0.0890625 0.2203125
0 0.05546875 0.4984375 0.1109375 0.190625
0 0.34140625 0.41640625 0.075 0.115625
0 0.38359375 0.3953125 0.059375 0.1
0 0.42109375 0.3859375 0.059375 0.11875
0 0.4546875 0.3734375 0.0703125 0.1140625
0 0.50703125 0.353125 0.0734375 0.0953125