0 0.33984375 0.728125 0.2765625 0.54375
0 0.48828125 0.7375 0.2359375 0.525
0 0.5734375 0.73671875 0.275 0.5265625
0 0.76953125 0.75 0.2484375 0.4453125
0 0.86328125 0.73515625 0.2734375 0.4484375
0 0.725 0.384375 0.165625 0.30625
0 0.7125 0.5640625 0.2 0.371875
0 0.5640625 0.4515625 0.184375 0.3796875
0 0.40625 0.38203125 0.196875 0.315625
0 0.2921875 0.43046875 0.1484375 0.2515625
0 0.19765625 0.4375 0.1234375 0.3046875
0 0.17890625 0.70234375 0.2984375 0.5953125
0 0.17265625 0.98125 0.1609375 0.0375
0 0.0796875 0.66328125 0.159375 0.4234375
0 0.06796875 0.35859375 0.1359375 0.2984375
0 0.8609375 0.4140625 0.1953125 0.36875
0 0.959375 0.50078125 0.08125 0.4765625
0 0.9296875 0.23359375 0.0984375 0.215625
0 0.8046875 0.1796875 0.2046875 0.303125
0 0.6609375 0.1890625 0.146875 0.2484375
0 0.61015625 0.31875 0.1234375 0.26875
0 0.490625 0.2109375 0.1375 0.1921875
0 0.5765625 0.146875 0.103125 0.1796875
0 0.36328125 0.23515625 0.1484375 0.21875
0 0.21015625 0.20703125 0.2046875 0.2484375
0 0.1390625 0.24765625 0.1515625 0.3296875
0 0.04609375 0.19296875 0.0921875 0.1984375
0 0.40703125 0.0828125 0.10625 0.153125
0 0.89453125 0.06328125 0.1015625 0.1265625
0 0.3140625 0.08359375 0.10625 0.1265625
0 0.74921875 0.03203125 0.1390625 0.0640625