0 0.6359375 0.58046875 0.434375 0.8390625
0 0.75 0.41640625 0.25625 0.73125
0 0.86875 0.2234375 0.13125 0.446875
0 0.93203125 0.22890625 0.1328125 0.4578125
0 0.75859375 0.07578125 0.1203125 0.1515625
0 0.6859375 0.0953125 0.121875 0.190625
0 0.61953125 0.19140625 0.1296875 0.3828125
0 0.54296875 0.16015625 0.1296875 0.3203125
0 0.40546875 0.24375 0.128125 0.465625
0 0.48125 0.16875 0.0953125 0.33125
0 0.32578125 0.2453125 0.1015625 0.4578125
0 0.24609375 0.2453125 0.1359375 0.4578125
0 0.153125 0.24765625 0.1421875 0.4546875
0 0.05390625 0.25546875 0.1078125 0.4515625