0 0.86875 0.553125 0.1640625 0.234375
0 0.73125 0.5328125 0.1921875 0.3046875
0 0.6046875 0.47578125 0.175 0.325
0 0.8875 0.3296875 0.1703125 0.3703125
0 0.7828125 0.24921875 0.140625 0.4
0 0.73125 0.2015625 0.1203125 0.3234375
0 0.55859375 0.15234375 0.1515625 0.3046875
0 0.4484375 0.246875 0.125 0.290625
0 0.38125 0.15625 0.13125 0.3125
0 0.19375 0.5921875 0.203125 0.440625
0 0.2984375 0.85 0.1453125 0.2890625
0 0.48359375 0.83125 0.1890625 0.3375
0 0.725 0.890625 0.128125 0.21875
0 0.6359375 0.88828125 0.103125 0.2234375
0 0.44609375 0.4671875 0.11875 0.2171875
0 0.06875 0.83828125 0.1375 0.2984375
0 0.04375 0.63046875 0.0875 0.3265625
0 0.0453125 0.1484375 0.075 0.2453125
0 0.17109375 0.0984375 0.1859375 0.196875
0 0.23515625 0.2296875 0.103125 0.2671875
0 0.11796875 0.271875 0.103125 0.2890625
0 0.9609375 0.15078125 0.078125 0.1609375
0 0.846875 0.08828125 0.115625 0.15625
0 0.86015625 0.8234375 0.1953125 0.353125