0 0.67265625 0.75546875 0.1671875 0.3203125
0 0.44375 0.540625 0.215625 0.3265625
0 0.53359375 0.65546875 0.2375 0.2734375
0 0.69453125 0.50078125 0.1625 0.2125
0 0.42109375 0.87734375 0.14375 0.2453125
0 0.8421875 0.19609375 0.1515625 0.21875
0 0.93203125 0.1984375 0.128125 0.2296875
0 0.271875 0.78359375 0.1453125 0.246875
0 0.325 0.21875 0.165625 0.1921875
0 0.48515625 0.15078125 0.2171875 0.3015625
0 0.6109375 0.15078125 0.1734375 0.2875
0 0.69296875 0.15703125 0.146875 0.259375
0 0.9046875 0.421875 0.190625 0.28125
0 0.98203125 0.20546875 0.0359375 0.2046875
0 0.40234375 0.43359375 0.2078125 0.2671875
0 0.25546875 0.6140625 0.18125 0.259375
0 0.11953125 0.39296875 0.1625 0.2890625
0 0.115625 0.21640625 0.1171875 0.20625
0 0.090625 0.88671875 0.1125 0.0828125
0 0.16328125 0.57890625 0.0921875 0.1625
0 0.17265625 0.44140625 0.121875 0.23125
0 0.30234375 0.059375 0.1609375 0.11875
0 0.18125 0.03359375 0.128125 0.0671875
0 0.19375 0.1796875 0.1265625 0.1734375
0 0.1265625 0.79140625 0.1171875 0.1515625
0 0.77421875 0.6328125 0.14375 0.2015625