0 0.7015625 0.66015625 0.559375 0.6796875
0 0.25 0.5609375 0.5 0.878125
0 0.46640625 0.453125 0.328125 0.696875
0 0.10390625 0.58203125 0.2078125 0.8359375
0 0.79921875 0.5015625 0.3453125 0.7125
0 0.58203125 0.28046875 0.1609375 0.33125
0 0.64140625 0.2609375 0.103125 0.2640625
0 0.67109375 0.265625 0.14375 0.3015625
0 0.0625 0.21875 0.125 0.265625
0 0.12578125 0.2015625 0.08125 0.1703125
0 0.7421875 0.16796875 0.0578125 0.075
0 0.8125 0.14609375 0.26875 0.2453125
0 0.925 0.19140625 0.04375 0.0609375
0 0.8734375 0.14921875 0.0421875 0.0484375