0 0.0875 0.659375 0.06484375 0.365625
0 0.1328125 0.65078125 0.06015625 0.3828125
0 0.271875 0.67578125 0.06015625 0.36953125
0 0.32265625 0.66171875 0.06875 0.375
0 0.43046875 0.628125 0.06015625 0.3578125
0 0.48828125 0.621875 0.08125 0.39609375
0 0.60390625 0.65703125 0.06015625 0.3734375
0 0.646875 0.64765625 0.071875 0.39609375
0 0.8484375 0.63203125 0.06640625 0.36640625
0 0.86171875 0.58984375 0.0484375 0.3609375
0 0.95078125 0.49453125 0.0328125 0.33359375
0 0.97734375 0.48984375 0.0359375 0.315625
0 0.40625 0.409375 0.0390625 0.2140625
0 0.30859375 0.38359375 0.04921875 0.2125
0 0.05546875 0.44453125 0.04140625 0.271875
0 0.11484375 0.428125 0.03046875 0.2265625
0 0.2609375 0.5125 0.03125 0.24375
0 0.29296875 0.4859375 0.02578125 0.215625
0 0.5390625 0.478125 0.034375 0.27578125