0 0.0453125 0.6 0.090625 0.79921875
0 0.47890625 0.73046875 0.4609375 0.5390625
0 0.8390625 0.61640625 0.321875 0.7671875
0 0.6125 0.34296875 0.2421875 0.45390625
0 0.28515625 0.5515625 0.3625 0.89609375
0 0.12734375 0.28359375 0.1546875 0.43671875
0 0.24609375 0.178125 0.125 0.35625
0 0.3453125 0.128125 0.12421875 0.25546875
0 0.4453125 0.15859375 0.14140625 0.3171875
0 0.71015625 0.225 0.21328125 0.45
0 0.86328125 0.22109375 0.115625 0.27109375
0 0.92109375 0.06328125 0.12578125 0.12578125
0 0.95234375 0.2078125 0.09453125 0.35
0 0.034375 0.1015625 0.06875 0.203125