0 0.721875 0.75234375 0.23515625 0.48828125
0 0.459375 0.746875 0.26015625 0.50546875
0 0.4953125 0.6953125 0.228125 0.3859375
0 0.51328125 0.67890625 0.1859375 0.32421875
0 0.52734375 0.67109375 0.13359375 0.28125
0 0.53828125 0.65234375 0.1078125 0.23125
0 0.55625 0.615625 0.07265625 0.2109375
0 0.1375 0.67421875 0.275 0.6484375
0 0.23515625 0.6875 0.11796875 0.3296875
0 0.15625 0.66875 0.084375 0.38046875
0 0.309375 0.64296875 0.12734375 0.23671875
0 0.33984375 0.66015625 0.090625 0.23828125
0 0.8515625 0.64609375 0.08203125 0.27578125
0 0.74296875 0.61875 0.0703125 0.23359375
0 0.9328125 0.653125 0.134375 0.69375