0 0.57578125 0.559375 0.4609375 0.88125
0 0.2515625 0.54453125 0.3890625 0.8859375
0 0.096875 0.53515625 0.19375 0.8515625
0 0.78984375 0.56875 0.2890625 0.8625
0 0.5296875 0.35 0.11875 0.296875
0 0.8875 0.6484375 0.225 0.703125
0 0.9140625 0.3609375 0.1140625 0.3328125
0 0.375 0.0875 0.06875 0.096875
0 0.9609375 0.2109375 0.078125 0.240625
0 0.2515625 0.121875 0.125 0.175
0 0.18125 0.1265625 0.075 0.140625
0 0.62578125 0.109375 0.0875 0.0984375
0 0.71796875 0.1203125 0.0703125 0.109375
0 0.77578125 0.10703125 0.0796875 0.090625
0 0.8375 0.1 0.0765625 0.10625
0 0.3859375 0.26484375 0.0890625 0.2625
0 0.14921875 0.06484375 0.04375 0.0953125
0 0.4234375 0.02265625 0.059375 0.0453125
0 0.6015625 0.0734375 0.0671875 0.075
0 0.47265625 0.13046875 0.1 0.121875