0 0.07734375 0.62578125 0.1546875 0.7484375
0 0.50703125 0.71796875 0.5234375 0.5640625
0 0.821875 0.5734375 0.35625 0.8
0 0.5921875 0.33046875 0.2953125 0.4796875
0 0.2921875 0.55546875 0.46875 0.8890625
0 0.10390625 0.33046875 0.20625 0.4515625
0 0.20859375 0.21171875 0.1671875 0.36875
0 0.30078125 0.15 0.1546875 0.26875
0 0.40390625 0.16796875 0.1796875 0.3328125
0 0.67421875 0.21875 0.2671875 0.4375
0 0.8265625 0.17890625 0.1484375 0.2828125
0 0.8640625 0.0421875 0.140625 0.084375
0 0.91328125 0.1671875 0.1359375 0.334375
0 0.01796875 0.1609375 0.0359375 0.209375