0 0.48671875 0.5703125 0.22265625 0.85859375
0 0.7390625 0.625 0.2296875 0.74921875
0 0.8828125 0.60546875 0.234375 0.6484375
0 0.2609375 0.86484375 0.24765625 0.2703125
0 0.18828125 0.37578125 0.10703125 0.26796875
0 0.5984375 0.33671875 0.06875 0.13828125
0 0.89765625 0.15 0.18359375 0.26171875
0 0.05625 0.7703125 0.10546875 0.16484375
0 0.22109375 0.5828125 0.1484375 0.31484375
0 0.071875 0.48671875 0.05859375 0.12734375
0 0.10625 0.34921875 0.0890625 0.20625
0 0.63359375 0.1703125 0.1234375 0.1921875
0 0.71953125 0.171875 0.05625 0.10390625
0 0.0890625 0.93671875 0.178125 0.1265625
0 0.2078125 0.85078125 0.15546875 0.20859375