0 0.1390625 0.38125 0.278125 0.7625
0 0.47109375 0.4625 0.265625 0.6078125
0 0.6875 0.540625 0.2875 0.5625
0 0.61484375 0.6640625 0.3015625 0.2796875
0 0.921875 0.4140625 0.1484375 0.490625
0 0.853125 0.4359375 0.109375 0.440625
0 0.29140625 0.2546875 0.084375 0.2859375
0 0.4125 0.265625 0.0671875 0.2296875
0 0.465625 0.203125 0.0546875 0.1390625
0 0.7859375 0.28671875 0.075 0.1875
0 0.70078125 0.2359375 0.103125 0.11875
0 0.61953125 0.3203125 0.08125 0.309375
0 0.98671875 0.29296875 0.0265625 0.1453125
0 0.0484375 0.2390625 0.06875 0.25