0 0.653125 0.7 0.45625 0.6
0 0.228125 0.53359375 0.3421875 0.9234375
0 0.4796875 0.44609375 0.203125 0.6796875
0 0.0625 0.46640625 0.125 0.8359375
0 0.7890625 0.57890625 0.21875 0.6921875
0 0.6359375 0.309375 0.103125 0.321875
0 0.6984375 0.30625 0.0546875 0.2625
0 0.72578125 0.31796875 0.0890625 0.29375
0 0.134375 0.11796875 0.115625 0.2359375
0 0.215625 0.11484375 0.0515625 0.165625
0 0.8203125 0.2421875 0.0453125 0.0671875
0 0.8875 0.2390625 0.225 0.20625
0 0.98671875 0.3125 0.0265625 0.05625
0 0.9515625 0.2578125 0.034375 0.0421875