0 0.4328125 0.57421875 0.09296875 0.3296875
0 0.51640625 0.61640625 0.10859375 0.37109375
0 0.67734375 0.62890625 0.07578125 0.340625
0 0.9359375 0.4421875 0.06953125 0.284375
0 0.77421875 0.453125 0.065625 0.23671875
0 0.1734375 0.53125 0.13828125 0.25703125
0 0.56875 0.42421875 0.0484375 0.1234375
0 0.42578125 0.42734375 0.06796875 0.14609375
0 0.35078125 0.44921875 0.05859375 0.14140625
0 0.83203125 0.43125 0.07265625 0.2796875
0 0.25703125 0.55859375 0.08984375 0.153125
0 0.61796875 0.4265625 0.0265625 0.13984375