0 0.5640625 0.5484375 0.33125 0.903125
0 0.2359375 0.54765625 0.334375 0.9046875
0 0.96875 0.36953125 0.0625 0.3171875
0 0.903125 0.34453125 0.08125 0.3640625
0 0.78671875 0.29375 0.090625 0.3515625
0 0.6890625 0.29609375 0.0734375 0.3015625
0 0.05859375 0.14609375 0.04375 0.2609375
0 0.08828125 0.15234375 0.0375 0.2375
0 0.13046875 0.153125 0.053125 0.225
0 0.17578125 0.15546875 0.046875 0.234375
0 0.21484375 0.16171875 0.0359375 0.240625
0 0.2421875 0.1609375 0.0375 0.215625
0 0.25078125 0.2078125 0.0484375 0.1328125
0 0.2765625 0.159375 0.04375 0.209375
0 0.31484375 0.1546875 0.04375 0.20625
0 0.36171875 0.1625 0.040625 0.2078125
0 0.409375 0.15546875 0.0421875 0.1984375
0 0.45234375 0.14921875 0.0609375 0.184375
0 0.50625 0.17265625 0.0546875 0.209375
0 0.01796875 0.23671875 0.0359375 0.3109375
0 0.8546875 0.32109375 0.071875 0.315625
0 0.7390625 0.30546875 0.0484375 0.328125