0 0.4703125 0.5609375 0.409375 0.878125
0 0.70390625 0.6421875 0.3921875 0.715625
0 0.83046875 0.6734375 0.3390625 0.653125
0 0.18515625 0.8015625 0.3015625 0.31875
0 0.22421875 0.30859375 0.1640625 0.2859375
0 0.6328125 0.36328125 0.0984375 0.15
0 0.9234375 0.2484375 0.153125 0.296875
0 0.03828125 0.6625 0.0765625 0.184375
0 0.209375 0.51796875 0.215625 0.340625
0 0.0859375 0.390625 0.0859375 0.1375
0 0.15 0.26484375 0.1328125 0.2203125
0 0.7046875 0.20859375 0.1640625 0.215625
0 0.7875 0.2296875 0.078125 0.1140625
0 0.05078125 0.83203125 0.1015625 0.1640625
0 0.13671875 0.77578125 0.1984375 0.2375