0 0.3359375 0.7828125 0.1671875 0.434375
0 0.5875 0.79921875 0.10625 0.4015625
0 0.73125 0.7375 0.1203125 0.30703125
0 0.83984375 0.7390625 0.08125 0.29765625
0 0.8890625 0.815625 0.11328125 0.1796875
0 0.90859375 0.7 0.071875 0.34296875
0 0.85390625 0.74140625 0.03984375 0.2734375
0 0.153125 0.72109375 0.0734375 0.28671875
0 0.2296875 0.75234375 0.0578125 0.33671875
0 0.2 0.69453125 0.0359375 0.2171875
0 0.10625 0.71640625 0.04140625 0.253125
0 0.46015625 0.72890625 0.0640625 0.28515625
0 0.51171875 0.73359375 0.0625 0.3203125
0 0.63203125 0.7375 0.05625 0.29453125
0 0.0578125 0.71484375 0.06328125 0.2828125