0 0.03046875 0.27265625 0.0609375 0.4890625
0 0.1234375 0.55546875 0.246875 0.57421875
0 0.36953125 0.5515625 0.16875 0.6078125
0 0.52734375 0.5609375 0.1421875 0.5359375
0 0.78515625 0.60859375 0.353125 0.51328125
0 0.096875 0.303125 0.05703125 0.4296875
0 0.18203125 0.17265625 0.11328125 0.31640625
0 0.29765625 0.26328125 0.0796875 0.34609375
0 0.38359375 0.21015625 0.08671875 0.259375
0 0.47421875 0.23359375 0.07109375 0.290625
0 0.54296875 0.22109375 0.08671875 0.2609375
0 0.63671875 0.2625 0.11328125 0.44609375
0 0.9734375 0.34375 0.05234375 0.6296875