0 0.22734375 0.6984375 0.27578125 0.603125
0 0.44140625 0.709375 0.4078125 0.58125
0 0.81015625 0.7171875 0.27109375 0.565625
0 0.37890625 0.5109375 0.10625 0.3140625
0 0.26640625 0.378125 0.08984375 0.1203125
0 0.140625 0.50390625 0.15078125 0.35546875
0 0.08984375 0.41171875 0.1046875 0.26015625
0 0.084375 0.33203125 0.028125 0.09296875
0 0.0578125 0.3234375 0.05546875 0.11015625
0 0.92578125 0.5421875 0.13984375 0.43203125
0 0.71171875 0.5015625 0.096875 0.35
0 0.5203125 0.3359375 0.053125 0.07890625
0 0.31171875 0.31640625 0.040625 0.1078125
0 0.85078125 0.3296875 0.05390625 0.12578125
0 0.9734375 0.41640625 0.053125 0.1890625
0 0.62265625 0.31171875 0.03203125 0.08203125
0 0.81484375 0.278125 0.02890625 0.0578125