0 0.0890625 0.796875 0.103125 0.26875
0 0.08671875 0.5546875 0.0984375 0.28125
0 0.025 0.18828125 0.05 0.3078125
0 0.14765625 0.15390625 0.10625 0.2421875
0 0.2328125 0.5921875 0.153125 0.2484375
0 0.39609375 0.91875 0.0796875 0.1625
0 0.53359375 0.8625 0.075 0.275
0 0.7625 0.82265625 0.08125 0.33125
0 0.79296875 0.9078125 0.090625 0.1578125
0 0.61328125 0.7453125 0.1 0.2609375
0 0.68828125 0.75625 0.06875 0.3015625
0 0.86796875 0.68828125 0.1015625 0.30625
0 0.9515625 0.69140625 0.09375 0.3484375
0 0.51953125 0.58671875 0.1015625 0.2765625
0 0.32578125 0.7296875 0.0921875 0.3390625
0 0.39375 0.72734375 0.115625 0.296875
0 0.87421875 0.35 0.0703125 0.3375
0 0.93515625 0.48046875 0.08125 0.30625
0 0.76328125 0.6015625 0.0875 0.234375
0 0.69453125 0.57890625 0.1 0.2625
0 0.6984375 0.425 0.0875 0.228125
0 0.42421875 0.51640625 0.0953125 0.190625
0 0.346875 0.5140625 0.0734375 0.2390625
0 0.3921875 0.10703125 0.0671875 0.2046875
0 0.47109375 0.2171875 0.06875 0.275
0 0.5765625 0.41171875 0.0625 0.159375
0 0.51015625 0.40078125 0.08125 0.1640625
0 0.7671875 0.371875 0.059375 0.246875
0 0.78359375 0.284375 0.0734375 0.271875
0 0.71953125 0.2953125 0.0640625 0.2859375
0 0.0859375 0.45625 0.065625 0.2671875
0 0.196875 0.44921875 0.0625 0.24375
0 0.28046875 0.334375 0.0765625 0.20625
0 0.38515625 0.3390625 0.0765625 0.165625
0 0.559375 0.2734375 0.0703125 0.18125
0 0.6125 0.2765625 0.0546875 0.20625