0 0.9390625 0.3046875 0.084375 0.3171875
0 0.796875 0.4734375 0.3203125 0.353125
0 0.6984375 0.32890625 0.1203125 0.1890625
0 0.52890625 0.4640625 0.1984375 0.2484375
0 0.24921875 0.65390625 0.134375 0.4375
0 0.12109375 0.6515625 0.2 0.396875
0 0.3203125 0.3875 0.034375 0.121875
0 0.275 0.3859375 0.0515625 0.121875
0 0.2171875 0.39609375 0.0578125 0.1125
0 0.03515625 0.4484375 0.0703125 0.2125
0 0.059375 0.41328125 0.090625 0.1765625
0 0.36015625 0.3875 0.05625 0.1078125
0 0.40546875 0.375 0.0421875 0.0953125
0 0.44453125 0.37265625 0.0375 0.1140625
0 0.4796875 0.3671875 0.05 0.1078125
0 0.53515625 0.35703125 0.0578125 0.0859375