0 0.78203125 0.63125 0.4 0.7375
0 0.62890625 0.6171875 0.2734375 0.765625
0 0.44609375 0.621875 0.2390625 0.75625
0 0.28671875 0.64921875 0.2296875 0.7015625
0 0.0546875 0.46953125 0.07421875 0.3046875
0 0.58671875 0.23515625 0.0796875 0.1171875
0 0.821875 0.20390625 0.08828125 0.1015625
0 0.73046875 0.0859375 0.0765625 0.14609375
0 0.65 0.0921875 0.0640625 0.10703125
0 0.871875 0.06796875 0.046875 0.109375
0 0.80234375 0.084375 0.0640625 0.10703125
0 0.1671875 0.15390625 0.05390625 0.11484375
0 0.23046875 0.15390625 0.0453125 0.10390625
0 0.125 0.5453125 0.125 0.403125
0 0.31484375 0.5046875 0.1453125 0.3796875
0 0.26484375 0.26015625 0.0484375 0.08359375
0 0.49921875 0.2015625 0.0671875 0.06484375
0 0.4171875 0.20390625 0.05234375 0.06484375