0 0.06484375 0.83203125 0.1296875 0.3078125
0 0.19765625 0.83359375 0.1890625 0.31875
0 0.36171875 0.8390625 0.1671875 0.3171875
0 0.5015625 0.86953125 0.1375 0.2609375
0 0.640625 0.88125 0.15625 0.2375
0 0.7765625 0.8734375 0.14375 0.253125
0 0.91640625 0.871875 0.1484375 0.25625
0 0.0453125 0.7078125 0.090625 0.228125
0 0.14375 0.70234375 0.11875 0.2390625
0 0.25078125 0.6921875 0.1359375 0.3171875
0 0.5078125 0.709375 0.1296875 0.2609375
0 0.625 0.68046875 0.16875 0.275
0 0.90546875 0.759375 0.109375 0.2296875
0 0.7796875 0.72109375 0.134375 0.24375
0 0.384375 0.584375 0.1453125 0.253125
0 0.05546875 0.553125 0.1109375 0.221875
0 0.16953125 0.5421875 0.128125 0.2375
0 0.2921875 0.47578125 0.121875 0.2078125
0 0.52109375 0.540625 0.1328125 0.1921875
0 0.63515625 0.4296875 0.103125 0.2171875
0 0.7296875 0.39140625 0.09375 0.165625
0 0.7390625 0.52734375 0.121875 0.165625
0 0.8234375 0.50078125 0.0984375 0.2640625
0 0.8859375 0.56171875 0.1171875 0.19375
0 0.9578125 0.6078125 0.084375 0.290625
0 0.0578125 0.3703125 0.1140625 0.203125
0 0.934375 0.41171875 0.13125 0.1546875
0 0.26796875 0.32578125 0.090625 0.1734375
0 0.20390625 0.353125 0.1125 0.2078125
0 0.09375 0.3 0.1140625 0.25
0 0.05390625 0.20625 0.0953125 0.2078125
0 0.42109375 0.484375 0.1125 0.2734375
0 0.3484375 0.30859375 0.078125 0.2296875
0 0.4484375 0.29375 0.103125 0.2515625
0 0.5375 0.39296875 0.1 0.246875
0 0.80390625 0.3078125 0.103125 0.196875
0 0.88203125 0.29765625 0.0953125 0.1953125
0 0.96953125 0.30859375 0.0609375 0.1390625
0 0.95234375 0.23984375 0.078125 0.146875
0 0.61328125 0.2171875 0.0796875 0.1734375
0 0.234375 0.19296875 0.0921875 0.175
0 0.14765625 0.1703125 0.1 0.178125
0 0.3 0.196875 0.0796875 0.190625
0 0.38125 0.134375 0.0890625 0.1875
0 0.48828125 0.08984375 0.0890625 0.171875
0 0.58203125 0.10859375 0.09375 0.165625
0 0.54296875 0.20546875 0.1 0.146875
0 0.66328125 0.11328125 0.09375 0.1328125
0 0.70390625 0.25390625 0.11875 0.1765625
0 0.74375 0.12421875 0.0765625 0.15625
0 0.79296875 0.19296875 0.0890625 0.1359375
0 0.828125 0.10546875 0.0984375 0.1390625
0 0.921875 0.103125 0.0984375 0.1578125
0 0.2625 0.0796875 0.084375 0.146875