0 0.2828125 0.7546875 0.24375 0.490625
0 0.5453125 0.7453125 0.26875 0.509375
0 0.5078125 0.6953125 0.234375 0.390625
0 0.48984375 0.67890625 0.1921875 0.328125
0 0.47578125 0.671875 0.1390625 0.2828125
0 0.4640625 0.653125 0.1125 0.2328125
0 0.44609375 0.61640625 0.0765625 0.2125
0 0.8609375 0.6671875 0.278125 0.653125
0 0.76796875 0.6828125 0.1234375 0.33125
0 0.846875 0.6625 0.090625 0.38125
0 0.69296875 0.63984375 0.13125 0.2390625
0 0.66328125 0.65703125 0.0953125 0.2390625
0 0.15078125 0.65234375 0.0875 0.2765625
0 0.259375 0.62265625 0.075 0.234375
0 0.071875 0.65625 0.14375 0.6875