0 0.87265625 0.740625 0.1640625 0.51875
0 0.725 0.634375 0.1125 0.44375
0 0.65234375 0.64921875 0.1140625 0.440625
0 0.490625 0.61015625 0.0984375 0.3875
0 0.4328125 0.61953125 0.11875 0.48125
0 0.28125 0.6953125 0.2171875 0.5859375
0 0.13203125 0.634375 0.209375 0.6796875
0 0.05859375 0.6625 0.1171875 0.6
0 0.5921875 0.4859375 0.0484375 0.165625
0 0.7921875 0.534375 0.0578125 0.1859375
0 0.8359375 0.5328125 0.053125 0.1875
0 0.38125 0.609375 0.096875 0.3734375
0 0.24765625 0.4609375 0.0875 0.2796875