0 0.5359375 0.40390625 0.509375 0.7046875
0 0.07265625 0.634375 0.1453125 0.56875
0 0.1375 0.65546875 0.275 0.5765625
0 0.22578125 0.69765625 0.2828125 0.534375
0 0.675 0.87109375 0.321875 0.2578125
0 0.48515625 0.80546875 0.2734375 0.3890625
0 0.31328125 0.796875 0.24375 0.3734375
0 0.86796875 0.84296875 0.1984375 0.3140625
0 0.95 0.33046875 0.1 0.3453125
0 0.85234375 0.303125 0.1703125 0.3046875
0 0.7578125 0.31796875 0.115625 0.2640625
0 0.70703125 0.240625 0.14375 0.2796875
0 0.62421875 0.23125 0.11875 0.228125
0 0.9484375 0.584375 0.103125 0.2375