0 0.39765625 0.61015625 0.4109375 0.7796875
0 0.6765625 0.57421875 0.3828125 0.8171875
0 0.85 0.4625 0.215625 0.60625
0 0.934375 0.4640625 0.13125 0.578125
0 0.08515625 0.55390625 0.1703125 0.5234375
0 0.19375 0.66171875 0.1453125 0.265625
0 0.15 0.47734375 0.121875 0.2671875
0 0.15078125 0.4234375 0.1375 0.2984375
0 0.2484375 0.48125 0.134375 0.3890625
0 0.26875 0.4359375 0.1265625 0.3796875
0 0.33046875 0.4734375 0.184375 0.5015625
0 0.51796875 0.48203125 0.15 0.503125
0 0.76640625 0.4515625 0.1703125 0.515625