0 0.69453125 0.7078125 0.4640625 0.584375
0 0.1453125 0.765625 0.2734375 0.353125
0 0.13984375 0.4546875 0.2265625 0.4125
0 0.59921875 0.61328125 0.2390625 0.265625
0 0.48125 0.7609375 0.33125 0.240625
0 0.9359375 0.578125 0.128125 0.240625
0 0.31171875 0.25390625 0.0421875 0.0875
0 0.3765625 0.290625 0.059375 0.0984375
0 0.54765625 0.37890625 0.109375 0.1875
0 0.615625 0.409375 0.0984375 0.178125
0 0.7359375 0.31484375 0.078125 0.153125
0 0.6625 0.2859375 0.075 0.1203125
0 0.24453125 0.23359375 0.053125 0.0875
0 0.28203125 0.23671875 0.053125 0.10625
0 0.81171875 0.48671875 0.1359375 0.2109375
0 0.73125 0.4671875 0.11875 0.2234375
0 0.46640625 0.3046875 0.084375 0.1515625
0 0.79921875 0.2859375 0.1078125 0.1859375
0 0.61953125 0.25 0.084375 0.1625
0 0.56015625 0.253125 0.0640625 0.11875
0 0.959375 0.46328125 0.08125 0.1265625
0 0.42265625 0.6734375 0.29375 0.3609375
0 0.0609375 0.31875 0.121875 0.271875
0 0.44921875 0.1953125 0.0515625 0.10625
0 0.89296875 0.2875 0.05 0.0859375
0 0.91875 0.2984375 0.046875 0.0921875
0 0.94609375 0.28828125 0.053125 0.1
0 0.9734375 0.2984375 0.053125 0.10625
0 0.215625 0.2265625 0.0515625 0.1