0 0.78671875 0.62109375 0.425 0.7515625
0 0.6328125 0.6125 0.3 0.775
0 0.45 0.6203125 0.265625 0.759375
0 0.29140625 0.65078125 0.2546875 0.6984375
0 0.05390625 0.48515625 0.084375 0.3078125
0 0.57734375 0.23203125 0.084375 0.1203125
0 0.81171875 0.19296875 0.0921875 0.1046875
0 0.715625 0.078125 0.08125 0.1484375
0 0.6359375 0.0875 0.0671875 0.109375
0 0.85625 0.05546875 0.05 0.1109375
0 0.7875 0.07421875 0.0671875 0.109375
0 0.15546875 0.165625 0.0578125 0.1171875
0 0.21875 0.16328125 0.0484375 0.1046875
0 0.1265625 0.55859375 0.1390625 0.4078125
0 0.31484375 0.5109375 0.1578125 0.384375
0 0.25625 0.26875 0.0515625 0.0859375
0 0.4890625 0.2015625 0.06875 0.0671875
0 0.40703125 0.20703125 0.0546875 0.0671875