0 0.540625 0.4 0.290625 0.8
0 0.21171875 0.35859375 0.15 0.5109375
0 0.87109375 0.3703125 0.146875 0.4109375
0 0.06640625 0.29296875 0.1296875 0.4296875
0 0.78984375 0.2625 0.11875 0.3421875
0 0.95859375 0.33515625 0.0828125 0.3984375
0 0.30703125 0.4125 0.2078125 0.5828125
0 0.0734375 0.23984375 0.0984375 0.296875
0 0.08671875 0.6171875 0.1734375 0.446875
0 0.69453125 0.20390625 0.0625 0.1640625
0 0.8703125 0.21640625 0.0609375 0.153125
0 0.98515625 0.26875 0.0296875 0.28125
0 0.31875 0.14609375 0.075 0.1265625
0 0.1765625 0.66171875 0.321875 0.3796875