0 0.79453125 0.6640625 0.346875 0.6328125
0 0.5828125 0.69375 0.475 0.6125
0 0.21875 0.728125 0.3375 0.54375
0 0.621875 0.49609375 0.14375 0.325
0 0.7171875 0.35078125 0.103125 0.1296875
0 0.85703125 0.46015625 0.19375 0.371875
0 0.89609375 0.3625 0.1359375 0.2703125
0 0.8921875 0.2828125 0.0390625 0.0953125
0 0.9171875 0.27109375 0.06875 0.115625
0 0.0890625 0.59296875 0.178125 0.4453125
0 0.28984375 0.52734375 0.1390625 0.359375
0 0.46015625 0.33984375 0.0625 0.084375
0 0.66484375 0.29453125 0.053125 0.1125
0 0.13125 0.3734375 0.06875 0.13125
0 0.028125 0.475 0.05625 0.19375
0 0.35546875 0.328125 0.0421875 0.0859375
0 0.16015625 0.31796875 0.0359375 0.0609375