0 0.40078125 0.69140625 0.3109375 0.6171875
0 0.1640625 0.72265625 0.328125 0.5546875
0 0.26640625 0.678125 0.175 0.459375
0 0.16171875 0.54296875 0.171875 0.3046875
0 0.78515625 0.62734375 0.296875 0.6421875
0 0.71328125 0.61484375 0.2546875 0.6859375
0 0.909375 0.7390625 0.18125 0.365625
0 0.87890625 0.44375 0.2421875 0.33125
0 0.834375 0.38359375 0.0921875 0.196875
0 0.5671875 0.540625 0.1625 0.43125
0 0.5171875 0.5984375 0.246875 0.6015625
0 0.26796875 0.65546875 0.1640625 0.440625
0 0.22109375 0.4 0.0546875 0.0921875
0 0.3125 0.384375 0.034375 0.0421875
0 0.4140625 0.3859375 0.04375 0.0859375
0 0.771875 0.275 0.071875 0.0921875
0 0.90625 0.32109375 0.175 0.28125
0 0.93984375 0.2515625 0.046875 0.0796875
0 0.9171875 0.2015625 0.0484375 0.05