0 0.61640625 0.60859375 0.3203125 0.7828125
0 0.33359375 0.59453125 0.2921875 0.8015625
0 0.14765625 0.50546875 0.14375 0.603125
0 0.04765625 0.521875 0.0953125 0.578125
0 0.9296875 0.5015625 0.134375 0.5203125
0 0.8234375 0.62265625 0.1171875 0.2578125
0 0.84453125 0.43515625 0.090625 0.2625
0 0.8375 0.38203125 0.1046875 0.2921875
0 0.746875 0.45078125 0.0890625 0.3875
0 0.721875 0.40859375 0.08125 0.3796875
0 0.66484375 0.453125 0.125 0.4984375
0 0.4796875 0.484375 0.090625 0.5046875
0 0.2296875 0.484375 0.109375 0.515625