0 0.39921875 0.7 0.21875 0.56875
0 0.19296875 0.4265625 0.1453125 0.240625
0 0.1109375 0.3796875 0.08125 0.203125
0 0.70859375 0.67734375 0.1953125 0.45625
0 0.90703125 0.5625 0.178125 0.4546875
0 0.82421875 0.54375 0.0875 0.2078125
0 0.7609375 0.46796875 0.078125 0.1484375
0 0.625 0.5390625 0.0890625 0.23125
0 0.57421875 0.5078125 0.1078125 0.3046875
0 0.5 0.44140625 0.071875 0.184375
0 0.371875 0.45859375 0.0890625 0.2265625
0 0.340625 0.403125 0.0703125 0.1796875
0 0.8328125 0.42890625 0.0421875 0.1015625