0 0.9453125 0.60703125 0.109375 0.7859375
0 0.51328125 0.7265625 0.4796875 0.546875
0 0.165625 0.6046875 0.33125 0.778125
0 0.39296875 0.3390625 0.2578125 0.4625
0 0.7125 0.55234375 0.39375 0.8953125
0 0.8796875 0.296875 0.1703125 0.4421875
0 0.76484375 0.1875 0.1375 0.3609375
0 0.6671875 0.13359375 0.1328125 0.259375
0 0.56640625 0.1609375 0.153125 0.321875
0 0.2984375 0.2234375 0.228125 0.446875
0 0.146875 0.20859375 0.125 0.275
0 0.09453125 0.05703125 0.1296875 0.1140625
0 0.0578125 0.1921875 0.10625 0.353125
0 0.9703125 0.11796875 0.059375 0.2046875