0 0.5234375 0.3984375 0.31875 0.796875
0 0.19140625 0.4109375 0.1671875 0.5140625
0 0.84296875 0.3078125 0.1609375 0.4140625
0 0.0546875 0.37109375 0.109375 0.4328125
0 0.74453125 0.215625 0.1296875 0.3453125
0 0.92421875 0.25859375 0.096875 0.4
0 0.29453125 0.446875 0.2265625 0.5859375
0 0.04375 0.31796875 0.0875 0.2984375
0 0.10703125 0.68828125 0.2015625 0.4515625
0 0.63984375 0.175 0.0671875 0.1640625
0 0.815625 0.15625 0.065625 0.1546875
0 0.95 0.18671875 0.0625 0.28125
0 0.26015625 0.1828125 0.078125 0.128125
0 0.209375 0.71484375 0.3328125 0.3890625