0 0.565625 0.54453125 0.3625 0.9109375
0 0.2390625 0.55 0.365625 0.9
0 0.9640625 0.3546875 0.071875 0.31875
0 0.896875 0.33046875 0.09375 0.3671875
0 0.7796875 0.28359375 0.103125 0.3546875
0 0.68203125 0.2890625 0.084375 0.303125
0 0.046875 0.16171875 0.053125 0.2625
0 0.0765625 0.1671875 0.0453125 0.2390625
0 0.11875 0.16640625 0.0609375 0.2265625
0 0.1640625 0.1671875 0.0546875 0.2359375
0 0.20390625 0.171875 0.0453125 0.240625
0 0.23046875 0.16953125 0.0453125 0.215625
0 0.24140625 0.21640625 0.053125 0.1328125
0 0.26484375 0.1671875 0.05 0.2109375
0 0.303125 0.16171875 0.0515625 0.2078125
0 0.35 0.1671875 0.0484375 0.209375
0 0.39765625 0.15859375 0.0484375 0.2
0 0.440625 0.15078125 0.0671875 0.1859375
0 0.49453125 0.17265625 0.0625 0.2109375
0 0.01640625 0.2546875 0.0328125 0.3125
0 0.8484375 0.30859375 0.0828125 0.3171875
0 0.73203125 0.296875 0.059375 0.3296875