0 0.03046875 0.28125 0.0609375 0.490625
0 0.12578125 0.5609375 0.2515625 0.578125
0 0.3703125 0.55390625 0.1796875 0.6109375
0 0.528125 0.56015625 0.1515625 0.5390625
0 0.78671875 0.60390625 0.3625 0.51875
0 0.09375 0.31015625 0.0640625 0.43125
0 0.1765625 0.178125 0.11875 0.31875
0 0.29375 0.2671875 0.0859375 0.346875
0 0.37890625 0.2125 0.090625 0.2609375
0 0.46953125 0.234375 0.0765625 0.2921875
0 0.53828125 0.2203125 0.090625 0.2625
0 0.6328125 0.26015625 0.1203125 0.4484375
0 0.96875 0.334375 0.0625 0.63125