0 0.91796875 0.64453125 0.078125 0.3671875
0 0.871875 0.6375 0.0734375 0.384375
0 0.734375 0.66796875 0.0734375 0.371875
0 0.6828125 0.65546875 0.08125 0.3765625
0 0.57421875 0.62578125 0.071875 0.359375
0 0.515625 0.62109375 0.0953125 0.3984375
0 0.4015625 0.6609375 0.0734375 0.375
0 0.35859375 0.65234375 0.0859375 0.3984375
0 0.15625 0.64375 0.0796875 0.36875
0 0.14140625 0.60234375 0.0609375 0.3625
0 0.04921875 0.51015625 0.04375 0.334375
0 0.02265625 0.50546875 0.0453125 0.3171875
0 0.590625 0.40625 0.046875 0.215625
0 0.6875 0.37734375 0.05625 0.2140625
0 0.9421875 0.42890625 0.0515625 0.2734375
0 0.88203125 0.41484375 0.0390625 0.228125
0 0.7390625 0.50390625 0.0390625 0.2453125
0 0.70625 0.47890625 0.0328125 0.215625
0 0.46015625 0.4796875 0.04375 0.2765625