0 0.43359375 0.55703125 0.5703125 0.8859375
0 0.75078125 0.509375 0.4984375 0.90625
0 0.87578125 0.47578125 0.2484375 0.8515625
0 0.225 0.5875 0.40625 0.825
0 0.44921875 0.35546875 0.15625 0.303125
0 0.15 0.6734375 0.3 0.653125
0 0.07421875 0.41953125 0.1484375 0.3359375
0 0.56640625 0.07421875 0.08125 0.103125
0 0.028125 0.28046875 0.05625 0.2484375
0 0.69375 0.0921875 0.14375 0.184375
0 0.7640625 0.0859375 0.0921875 0.1453125
0 0.32109375 0.13046875 0.0984375 0.10625
0 0.23125 0.15390625 0.0828125 0.1140625
0 0.171875 0.14921875 0.0890625 0.0984375
0 0.11015625 0.15078125 0.0890625 0.1125
0 0.58046875 0.2515625 0.121875 0.265625
0 0.7859375 0.034375 0.05625 0.06875
0 0.5078125 0.021875 0.065625 0.04375
0 0.33984375 0.09140625 0.075 0.08125
0 0.47578125 0.13046875 0.1140625 0.13125