0 0.1125 0.86953125 0.171875 0.2609375
0 0.253125 0.85546875 0.215625 0.2890625
0 0.415625 0.8453125 0.19375 0.309375
0 0.56015625 0.86484375 0.1578125 0.2703125
0 0.7 0.8578125 0.1765625 0.25625
0 0.8328125 0.83125 0.165625 0.275
0 0.94296875 0.80625 0.1140625 0.278125
0 0.07890625 0.7765625 0.1203125 0.234375
0 0.1796875 0.75546875 0.1375 0.246875
0 0.284375 0.72890625 0.1625 0.325
0 0.540625 0.70625 0.1515625 0.26875
0 0.6515625 0.65859375 0.1921875 0.2875
0 0.93828125 0.6921875 0.1234375 0.2375
0 0.8109375 0.67421875 0.1546875 0.253125
0 0.39921875 0.6015625 0.165625 0.2640625
0 0.0671875 0.62265625 0.134375 0.2296875
0 0.18046875 0.59375 0.1484375 0.246875
0 0.290625 0.50859375 0.1375 0.215625
0 0.52734375 0.53671875 0.1484375 0.2015625
0 0.62265625 0.409375 0.1203125 0.2234375
0 0.71015625 0.35703125 0.10625 0.1734375
0 0.740625 0.4890625 0.134375 0.175
0 0.81953125 0.45078125 0.1203125 0.2703125
0 0.890625 0.50078125 0.1328125 0.2015625
0 0.95703125 0.53359375 0.0859375 0.2953125
0 0.05390625 0.44140625 0.1078125 0.2109375
0 0.91875 0.3453125 0.1484375 0.165625
0 0.24296875 0.36484375 0.1046875 0.1796875
0 0.18515625 0.40078125 0.128125 0.215625
0 0.0671875 0.365625 0.134375 0.2578125
0 0.034375 0.27890625 0.06875 0.2140625
0 0.41953125 0.49765625 0.1359375 0.2796875
0 0.32109375 0.334375 0.096875 0.234375
0 0.4171875 0.30390625 0.1234375 0.259375
0 0.5203125 0.38828125 0.121875 0.253125
0 0.7703125 0.26328125 0.11875 0.203125
0 0.84609375 0.240625 0.1109375 0.2015625
0 0.93828125 0.23671875 0.08125 0.14375
0 0.90625 0.17265625 0.0890625 0.1515625
0 0.5671875 0.203125 0.09375 0.178125
0 0.1890625 0.23828125 0.10625 0.18125
0 0.10078125 0.2296875 0.115625 0.1859375
0 0.25546875 0.23203125 0.0953125 0.1953125
0 0.32578125 0.1578125 0.1046875 0.19375
0 0.42421875 0.096875 0.103125 0.178125
0 0.51953125 0.10078125 0.1078125 0.1734375
0 0.49609375 0.20234375 0.1109375 0.1546875
0 0.60078125 0.0921875 0.1046875 0.140625
0 0.66328125 0.225 0.1328125 0.1859375
0 0.68203125 0.090625 0.0890625 0.1609375
0 0.74140625 0.15078125 0.1 0.1421875
0 0.76171875 0.065625 0.1109375 0.13125
0 0.8546875 0.06171875 0.1125 0.1234375
0 0.19921875 0.121875 0.0953125 0.1515625