0 0.6421875 0.67734375 0.1765625 0.61796875
0 0.8953125 0.68828125 0.209375 0.62265625
0 0.76796875 0.62109375 0.07421875 0.45390625
0 0.8390625 0.465625 0.1109375 0.28671875
0 0.25078125 0.68828125 0.16015625 0.62265625
0 0.31796875 0.66015625 0.10390625 0.6796875
0 0.10625 0.83671875 0.2125 0.3265625
0 0.1046875 0.534375 0.209375 0.29140625
0 0.14765625 0.46171875 0.0515625 0.18984375
0 0.44375 0.5546875 0.06796875 0.4265625
0 0.50546875 0.6 0.1171875 0.58984375
0 0.7609375 0.59921875 0.06796875 0.4359375
0 0.74921875 0.33984375 0.03671875 0.0859375
0 0.65703125 0.3453125 0.02734375 0.0375
0 0.5578125 0.36953125 0.02578125 0.0828125
0 0.184375 0.3421875 0.05390625 0.0828125
0 0.0640625 0.4171875 0.11953125 0.26171875
0 0.015625 0.35703125 0.03125 0.07421875
0 0.0265625 0.303125 0.0390625 0.04296875