0 0.15703125 0.6640625 0.1140625 0.165625
0 0.25859375 0.76875 0.2203125 0.25
0 0.415625 0.68984375 0.1453125 0.1828125
0 0.51328125 0.6328125 0.121875 0.18125
0 0.58515625 0.6796875 0.096875 0.1375
0 0.675 0.8359375 0.13125 0.1734375
0 0.7640625 0.5390625 0.096875 0.178125
0 0.6375 0.646875 0.11875 0.19375
0 0.615625 0.78203125 0.1203125 0.18125
0 0.509375 0.4046875 0.0578125 0.10625
0 0.54375 0.390625 0.05625 0.103125
0 0.59140625 0.38359375 0.0640625 0.10625
0 0.61171875 0.33359375 0.053125 0.0984375
0 0.453125 0.321875 0.0421875 0.0703125
0 0.47734375 0.30234375 0.0421875 0.090625
0 0.5 0.3 0.040625 0.0796875
0 0.52578125 0.29453125 0.0390625 0.06875
0 0.31015625 0.32265625 0.0484375 0.075
0 0.26640625 0.334375 0.0640625 0.090625
0 0.2203125 0.3671875 0.0515625 0.090625
0 0.11953125 0.42890625 0.0671875 0.1203125
0 0.0546875 0.43828125 0.059375 0.115625
0 0.1390625 0.3859375 0.0609375 0.0953125
0 0.80546875 0.44921875 0.0875 0.1671875
0 0.6578125 0.4765625 0.1046875 0.18125
0 0.6953125 0.4703125 0.090625 0.18125
0 0.7140625 0.40625 0.0828125 0.146875
0 0.73203125 0.3921875 0.0828125 0.1515625
0 0.8265625 0.390625 0.0890625 0.1765625
0 0.77109375 0.35625 0.0875 0.1671875
0 0.7 0.35 0.075 0.15
0 0.80078125 0.3125 0.071875 0.11875
0 0.84453125 0.30546875 0.0859375 0.1359375
0 0.8796875 0.2796875 0.06875 0.125
0 0.82265625 0.24765625 0.0375 0.071875
0 0.79140625 0.25234375 0.0421875 0.0828125
0 0.7640625 0.24921875 0.0296875 0.0609375
0 0.75 0.246875 0.0296875 0.0671875
0 0.7359375 0.25078125 0.0265625 0.065625
0 0.71875 0.259375 0.0375 0.06875
0 0.69140625 0.28203125 0.0515625 0.0890625