0 0.0671875 0.465625 0.134375 0.415625
0 0.22109375 0.4875 0.1375 0.36875
0 0.3140625 0.55 0.1859375 0.4828125
0 0.4953125 0.53359375 0.1484375 0.375
0 0.41484375 0.44296875 0.071875 0.184375
0 0.5609375 0.43359375 0.0359375 0.1015625
0 0.6265625 0.57890625 0.2296875 0.5734375
0 0.740625 0.49453125 0.09375 0.24375
0 0.8390625 0.51875 0.0890625 0.2359375
0 0.7984375 0.490625 0.0796875 0.215625
0 0.91328125 0.5921875 0.1734375 0.49375
0 0.8859375 0.5140625 0.0703125 0.240625
0 0.978125 0.51640625 0.04375 0.2296875
0 0.87109375 0.48671875 0.0796875 0.19375