0 0.06796875 0.8484375 0.1359375 0.303125
0 0.209375 0.84375 0.178125 0.3125
0 0.3734375 0.84375 0.15625 0.3125
0 0.515625 0.87109375 0.128125 0.2578125
0 0.6546875 0.8796875 0.14765625 0.240625
0 0.78984375 0.86953125 0.134375 0.2609375
0 0.93046875 0.8625 0.1390625 0.2625
0 0.0484375 0.7234375 0.09375 0.22421875
0 0.15078125 0.71484375 0.11015625 0.23515625
0 0.2578125 0.70078125 0.125 0.3125
0 0.51484375 0.709375 0.12109375 0.25625
0 0.63125 0.67578125 0.16015625 0.26953125
0 0.9140625 0.7453125 0.10078125 0.2265625
0 0.7875 0.7109375 0.12578125 0.23984375
0 0.3875 0.58828125 0.13671875 0.24921875
0 0.0546875 0.56953125 0.109375 0.21875
0 0.17109375 0.55390625 0.1203125 0.23359375
0 0.29140625 0.4828125 0.1140625 0.20390625
0 0.52265625 0.53984375 0.1265625 0.1875
0 0.6328125 0.425 0.0953125 0.21328125
0 0.72578125 0.38359375 0.0875 0.16328125
0 0.73984375 0.51875 0.115625 0.16171875
0 0.8234375 0.48984375 0.08984375 0.26171875
0 0.8875 0.5484375 0.11015625 0.18984375
0 0.96171875 0.59140625 0.0765625 0.28828125
0 0.05390625 0.3859375 0.1078125 0.2
0 0.934375 0.39765625 0.13125 0.15078125
0 0.26171875 0.334375 0.084375 0.1703125
0 0.19921875 0.36328125 0.1046875 0.20390625
0 0.08671875 0.3140625 0.10546875 0.246875
0 0.04375 0.221875 0.0875 0.2046875
0 0.4203125 0.4875 0.10390625 0.26953125
0 0.3421875 0.3140625 0.0703125 0.22734375
0 0.44140625 0.2953125 0.09375 0.24921875
0 0.53359375 0.39140625 0.0921875 0.24375
0 0.796875 0.29765625 0.09609375 0.19296875
0 0.875 0.284375 0.08828125 0.1921875
0 0.9671875 0.2921875 0.065625 0.13671875
0 0.94296875 0.22421875 0.07265625 0.14453125
0 0.603125 0.21328125 0.07421875 0.1703125
0 0.2234375 0.20234375 0.0859375 0.17265625
0 0.13671875 0.1828125 0.09453125 0.175
0 0.28984375 0.20390625 0.0734375 0.18828125
0 0.36875 0.1390625 0.08203125 0.18515625
0 0.47421875 0.090625 0.08359375 0.16875
0 0.56796875 0.10625 0.08828125 0.16328125
0 0.5328125 0.20390625 0.09453125 0.14375
0 0.65 0.1078125 0.08984375 0.13046875
0 0.6953125 0.246875 0.11328125 0.1734375
0 0.73046875 0.115625 0.07109375 0.15390625
0 0.78203125 0.1828125 0.084375 0.13359375
0 0.8140625 0.09453125 0.09453125 0.13515625
0 0.9078125 0.08828125 0.09375 0.1546875
0 0.24765625 0.08828125 0.07890625 0.14375