0 0.10859375 0.72890625 0.1265625 0.5421875
0 0.26640625 0.61796875 0.08125 0.440625
0 0.3375 0.63828125 0.084375 0.4375
0 0.5015625 0.6109375 0.071875 0.384375
0 0.55859375 0.62421875 0.0859375 0.478125
0 0.7046875 0.709375 0.1765625 0.5765625
0 0.8578125 0.659375 0.1640625 0.671875
0 0.94453125 0.69375 0.1109375 0.59375
0 0.409375 0.4796875 0.0375 0.1625
0 0.20625 0.5140625 0.0453125 0.1828125
0 0.1625 0.509375 0.040625 0.184375
0 0.6109375 0.61796875 0.071875 0.3703125
0 0.7546875 0.478125 0.06875 0.2765625