0 0.0515625 0.53671875 0.103125 0.4046875
0 0.22265625 0.53125 0.0828125 0.36015625
0 0.32421875 0.578125 0.1140625 0.47109375
0 0.50078125 0.53359375 0.0921875 0.36484375
0 0.40703125 0.45703125 0.04453125 0.17890625
0 0.55 0.425 0.02109375 0.09921875
0 0.6375 0.5578125 0.14453125 0.5578125
0 0.73671875 0.45703125 0.0578125 0.2375
0 0.8375 0.465625 0.053125 0.2296875
0 0.79296875 0.44375 0.04765625 0.2109375
0 0.93671875 0.52421875 0.1265625 0.4796875
0 0.88359375 0.453125 0.03359375 0.23828125
0 0.9859375 0.43984375 0.028125 0.228125
0 0.86484375 0.42890625 0.05078125 0.18828125