0 0.32578125 0.7765625 0.1828125 0.440625
0 0.57734375 0.8 0.1203125 0.4
0 0.72265625 0.7453125 0.13125 0.3109375
0 0.83125 0.75078125 0.0921875 0.3
0 0.878125 0.82890625 0.11875 0.1828125
0 0.9015625 0.7140625 0.084375 0.3453125
0 0.8453125 0.75390625 0.05 0.275
0 0.1453125 0.70859375 0.0828125 0.2890625
0 0.22109375 0.74296875 0.06875 0.3390625
0 0.19375 0.68359375 0.04375 0.21875
0 0.09921875 0.70234375 0.05 0.2546875
0 0.45234375 0.72734375 0.0734375 0.2875
0 0.50390625 0.73359375 0.0734375 0.321875
0 0.6234375 0.7421875 0.0671875 0.296875
0 0.05078125 0.69921875 0.0734375 0.284375