0 0.51328125 0.5703125 0.221875 0.859375
0 0.2609375 0.625 0.2296875 0.75
0 0.1171875 0.60546875 0.234375 0.6484375
0 0.7390625 0.86484375 0.246875 0.2703125
0 0.81171875 0.37578125 0.10625 0.26875
0 0.4015625 0.33671875 0.06875 0.1375
0 0.10234375 0.15 0.184375 0.2625
0 0.94375 0.7703125 0.10625 0.165625
0 0.77890625 0.5828125 0.1484375 0.315625
0 0.928125 0.48671875 0.059375 0.128125
0 0.89375 0.34921875 0.0890625 0.20625
0 0.36640625 0.1703125 0.1234375 0.1921875
0 0.28046875 0.171875 0.05625 0.103125
0 0.9109375 0.93671875 0.178125 0.1265625
0 0.7921875 0.85078125 0.15625 0.209375