0 0.80546875 0.64296875 0.3859375 0.6453125
0 0.59765625 0.68515625 0.5109375 0.6296875
0 0.23671875 0.734375 0.3734375 0.53125
0 0.62109375 0.4875 0.1640625 0.328125
0 0.70625 0.3359375 0.1109375 0.1359375
0 0.85390625 0.43515625 0.215625 0.378125
0 0.8859375 0.33515625 0.153125 0.275
0 0.87578125 0.25546875 0.0453125 0.096875
0 0.9 0.2421875 0.075 0.11875
0 0.1 0.621875 0.2 0.45
0 0.2921875 0.5421875 0.1625 0.3625
0 0.4484375 0.34296875 0.0671875 0.0875
0 0.65 0.28359375 0.0609375 0.1140625
0 0.1234375 0.4 0.0765625 0.134375
0 0.03125 0.50859375 0.0625 0.1953125
0 0.34375 0.33828125 0.046875 0.0859375
0 0.1484375 0.3421875 0.0390625 0.0625