0 0.0578125 0.3125 0.078125 0.31640625
0 0.20234375 0.47890625 0.31484375 0.34765625
0 0.2984375 0.33203125 0.1171875 0.18671875
0 0.4703125 0.46484375 0.19453125 0.24453125
0 0.753125 0.64921875 0.1265625 0.43515625
0 0.88125 0.6453125 0.19296875 0.39375
0 0.67734375 0.384375 0.0328125 0.121875
0 0.72265625 0.38203125 0.05 0.1203125
0 0.78125 0.39140625 0.05625 0.1109375
0 0.96484375 0.44140625 0.0703125 0.2109375
0 0.9390625 0.40546875 0.0875 0.17578125
0 0.6375 0.38515625 0.05390625 0.10703125
0 0.5921875 0.3734375 0.03984375 0.09453125
0 0.553125 0.371875 0.0359375 0.11328125
0 0.51796875 0.3671875 0.0484375 0.10703125
0 0.4625 0.3578125 0.05625 0.08515625