0 0.12578125 0.5984375 0.1703125 0.625
0 0.30390625 0.5875 0.30546875 0.825
0 0.20703125 0.47890625 0.1125 0.509375
0 0.24765625 0.25703125 0.11640625 0.37734375
0 0.58515625 0.50390625 0.18359375 0.70234375
0 0.49140625 0.34765625 0.08828125 0.3609375
0 0.53671875 0.27265625 0.075 0.24453125
0 0.653125 0.46015625 0.13125 0.759375
0 0.76796875 0.4125 0.12265625 0.61171875
0 0.87890625 0.371875 0.11796875 0.52578125
0 0.153125 0.19921875 0.06953125 0.196875
0 0.09453125 0.18828125 0.0578125 0.203125