0 0.5796875 0.709375 0.1609375 0.55546875
0 0.81328125 0.459375 0.12265625 0.2296875
0 0.89921875 0.42109375 0.0609375 0.19765625
0 0.27421875 0.6546875 0.14921875 0.44375
0 0.0890625 0.51953125 0.13203125 0.44375
0 0.17265625 0.509375 0.06640625 0.2015625
0 0.24375 0.440625 0.06328125 0.1421875
0 0.371875 0.52578125 0.06640625 0.22578125
0 0.425 0.5 0.07734375 0.29765625
0 0.50625 0.44140625 0.05390625 0.18046875
0 0.63203125 0.471875 0.065625 0.22109375
0 0.66875 0.4203125 0.05234375 0.17578125
0 0.1765625 0.39453125 0.03125 0.09921875