0 0.30234375 0.66875 0.30625 0.64375
0 0.5640625 0.64609375 0.3484375 0.6859375
0 0.6171875 0.30546875 0.0609375 0.1671875
0 0.66875 0.33671875 0.040625 0.09375
0 0.75546875 0.51875 0.0765625 0.2265625
0 0.88203125 0.4640625 0.0671875 0.1984375
0 0.93203125 0.5359375 0.1359375 0.3875
0 0.765625 0.321875 0.0375 0.0921875
0 0.790625 0.3203125 0.04375 0.1015625
0 0.86015625 0.26328125 0.0640625 0.16875
0 0.8390625 0.4890625 0.0859375 0.221875
0 0.8046875 0.503125 0.08125 0.2125
0 0.8609375 0.4546875 0.071875 0.203125
0 0.94375 0.42265625 0.071875 0.1953125