0 0.87265625 0.57578125 0.0796875 0.15078125
0 0.79921875 0.70234375 0.17421875 0.2140625
0 0.628125 0.6640625 0.11015625 0.16171875
0 0.51953125 0.63203125 0.08359375 0.16640625
0 0.4609375 0.6953125 0.06953125 0.12421875
0 0.41171875 0.86796875 0.09765625 0.15390625
0 0.253125 0.6015625 0.0578125 0.16953125
0 0.40234375 0.67578125 0.078125 0.18046875
0 0.45625 0.8015625 0.0828125 0.16640625
0 0.46796875 0.41015625 0.034375 0.1015625
0 0.43125 0.4046875 0.0328125 0.0984375
0 0.38359375 0.409375 0.040625 0.09921875
0 0.3515625 0.365625 0.03125 0.09296875
0 0.50234375 0.315625 0.0265625 0.06640625
0 0.47421875 0.30234375 0.02109375 0.0875
0 0.4515625 0.30625 0.0234375 0.07578125
0 0.425 0.30703125 0.02421875 0.06484375
0 0.64140625 0.28203125 0.03203125 0.06953125
0 0.68671875 0.2828125 0.04609375 0.08125
0 0.7390625 0.303125 0.03203125 0.08515625
0 0.85234375 0.3390625 0.040625 0.11328125
0 0.9171875 0.33203125 0.03359375 0.1109375
0 0.82265625 0.30234375 0.040625 0.0875
0 0.19140625 0.52421875 0.05 0.16015625
0 0.34140625 0.515625 0.06484375 0.17109375
0 0.303125 0.51875 0.04921875 0.17421875
0 0.26953125 0.4609375 0.0515625 0.13828125
0 0.2484375 0.4515625 0.04921875 0.14375
0 0.15625 0.47265625 0.05 0.16953125
0 0.20234375 0.42578125 0.05 0.16015625
0 0.26953125 0.403125 0.0421875 0.14375
0 0.1625 0.390625 0.04609375 0.1109375
0 0.11875 0.39453125 0.05625 0.1265625
0 0.078125 0.378125 0.04140625 0.11875
0 0.12578125 0.33359375 0.02109375 0.06953125
0 0.15703125 0.33046875 0.0234375 0.0796875
0 0.1828125 0.3203125 0.015625 0.05859375
0 0.19609375 0.31484375 0.01484375 0.06484375
0 0.2109375 0.31484375 0.01171875 0.06484375
0 0.2296875 0.31953125 0.021875 0.065625
0 0.26171875 0.334375 0.03203125 0.08359375