0 0.465625 0.3953125 0.23671875 0.790625
0 0.79765625 0.37890625 0.11484375 0.5046875
0 0.1390625 0.34453125 0.11875 0.40390625
0 0.946875 0.3234375 0.1 0.42421875
0 0.22734375 0.24296875 0.0953125 0.33671875
0 0.053125 0.30390625 0.05625 0.39609375
0 0.6984375 0.42578125 0.16796875 0.571875
0 0.94375 0.2703125 0.078125 0.2921875
0 0.91015625 0.64609375 0.15625 0.4375
0 0.3265625 0.19140625 0.05078125 0.16015625
0 0.15 0.19140625 0.05078125 0.15
0 0.01953125 0.23515625 0.03359375 0.2796875
0 0.70546875 0.159375 0.06640625 0.121875
0 0.81171875 0.68359375 0.296875 0.36015625