0 0.66015625 0.7015625 0.4359375 0.596875
0 0.2296875 0.54296875 0.3109375 0.91328125
0 0.478125 0.446875 0.18046875 0.67421875
0 0.0546875 0.48203125 0.109375 0.8328125
0 0.79140625 0.56875 0.1953125 0.6859375
0 0.62890625 0.3046875 0.09140625 0.31875
0 0.69140625 0.29921875 0.0453125 0.2609375
0 0.71953125 0.31015625 0.0796875 0.29140625
0 0.12109375 0.12421875 0.10703125 0.24765625
0 0.20234375 0.125 0.04609375 0.16484375
0 0.8109375 0.23125 0.04375 0.06640625
0 0.884375 0.22578125 0.23046875 0.1984375
0 0.98359375 0.2953125 0.0328125 0.0546875
0 0.94296875 0.2421875 0.03359375 0.04140625