0 0.07421875 0.775 0.0890625 0.26484375
0 0.084375 0.5328125 0.08359375 0.2765625
0 0.0296875 0.16328125 0.059375 0.3046875
0 0.16640625 0.1359375 0.09375 0.23828125
0 0.228125 0.578125 0.14140625 0.240625
0 0.375 0.91640625 0.0703125 0.16640625
0 0.51484375 0.8640625 0.0609375 0.271875
0 0.7453125 0.8359375 0.0640625 0.328125
0 0.77109375 0.92265625 0.08203125 0.15390625
0 0.6 0.75078125 0.08671875 0.25703125
0 0.675 0.765625 0.053125 0.29921875
0 0.8578125 0.70703125 0.08515625 0.3015625
0 0.940625 0.71484375 0.07578125 0.3453125
0 0.51484375 0.5875 0.08671875 0.271875
0 0.3140625 0.7203125 0.07421875 0.33515625
0 0.38203125 0.72109375 0.1 0.29140625
0 0.88125 0.36953125 0.05234375 0.3359375
0 0.9359375 0.503125 0.06484375 0.303125
0 0.7578125 0.61484375 0.07578125 0.23046875
0 0.68984375 0.5890625 0.08671875 0.25859375
0 0.70234375 0.43515625 0.07578125 0.225
0 0.4234375 0.5125 0.0859375 0.1859375
0 0.34609375 0.50625 0.06171875 0.23671875
0 0.41328125 0.1015625 0.05625 0.20234375
0 0.4859375 0.21640625 0.05390625 0.271875
0 0.58125 0.415625 0.05390625 0.15625
0 0.515625 0.4015625 0.07265625 0.1609375
0 0.7734375 0.3859375 0.046875 0.2453125
0 0.79453125 0.29921875 0.059375 0.26953125
0 0.7296875 0.30703125 0.04921875 0.284375
0 0.0890625 0.434375 0.0515625 0.265625
0 0.2 0.43359375 0.05 0.2421875
0 0.2890625 0.3234375 0.065625 0.20234375
0 0.39375 0.33359375 0.06796875 0.16171875
0 0.57109375 0.2765625 0.06171875 0.178125
0 0.62421875 0.2828125 0.04375 0.20390625