0 0.5171875 0.3984375 0.39375 0.640625
0 0.0640625 0.72265625 0.12734375 0.5546875
0 0.159375 0.72578125 0.203125 0.5484375
0 0.26875 0.74609375 0.1890625 0.5078125
0 0.74921875 0.8625 0.275 0.275
0 0.5453125 0.8125 0.20625 0.375
0 0.3734375 0.82734375 0.18125 0.3453125
0 0.9359375 0.80859375 0.128125 0.3828125
0 0.9375 0.24296875 0.09296875 0.334375
0 0.80859375 0.23984375 0.1171875 0.28828125
0 0.71796875 0.271875 0.06796875 0.25625
0 0.65390625 0.20625 0.0953125 0.265625
0 0.5703125 0.2125 0.078125 0.2171875
0 0.9625 0.496875 0.07421875 0.228125