0 0.36953125 0.59140625 0.37890625 0.8171875
0 0.24453125 0.434375 0.20703125 0.71796875
0 0.11171875 0.23671875 0.09921875 0.46796875
0 0.04921875 0.24296875 0.0984375 0.4859375
0 0.2109375 0.08359375 0.109375 0.1671875
0 0.2859375 0.10078125 0.1078125 0.20078125
0 0.3578125 0.19609375 0.10234375 0.3875
0 0.43359375 0.16328125 0.1078125 0.31640625
0 0.5765625 0.2375 0.096875 0.46015625
0 0.4953125 0.16796875 0.07265625 0.32734375
0 0.65625 0.23359375 0.0703125 0.45390625
0 0.73515625 0.228125 0.10546875 0.45078125
0 0.828125 0.22421875 0.11171875 0.4484375
0 0.94453125 0.22421875 0.1109375 0.4453125