0 0.29140625 0.7046875 0.4359375 0.590625
0 0.83984375 0.784375 0.259375 0.3453125
0 0.86171875 0.4734375 0.2078125 0.409375
0 0.3953125 0.6078125 0.2296875 0.259375
0 0.5046875 0.76171875 0.3265625 0.2265625
0 0.059375 0.55390625 0.11875 0.2390625
0 0.70078125 0.2640625 0.0375 0.0875
0 0.634375 0.296875 0.05625 0.096875
0 0.45859375 0.3765625 0.1015625 0.1859375
0 0.3890625 0.40390625 0.090625 0.1765625
0 0.27421875 0.303125 0.0703125 0.153125
0 0.3484375 0.278125 0.06875 0.11875
0 0.76953125 0.246875 0.05 0.0859375
0 0.73125 0.2484375 0.0484375 0.1046875
0 0.1890625 0.4703125 0.1265625 0.2078125
0 0.27109375 0.45546875 0.1078125 0.221875
0 0.54375 0.30703125 0.0765625 0.15
0 0.2125 0.27109375 0.0984375 0.184375
0 0.39375 0.24375 0.0765625 0.1625
0 0.453125 0.25078125 0.059375 0.1171875
0 0.040625 0.43984375 0.08125 0.1234375
0 0.56796875 0.67734375 0.2796875 0.353125
0 0.94609375 0.3421875 0.1078125 0.271875
0 0.5671875 0.1984375 0.046875 0.10625
0 0.11875 0.2671875 0.0453125 0.084375
0 0.0921875 0.2765625 0.04375 0.0921875
0 0.06484375 0.265625 0.0484375 0.0984375
0 0.03046875 0.27421875 0.0609375 0.1046875
0 0.7984375 0.2421875 0.046875 0.1