0 0.90625 0.20859375 0.16875 0.4171875
0 0.846875 0.46875 0.30625 0.615625
0 0.6390625 0.52109375 0.3015625 0.6296875
0 0.48671875 0.565625 0.259375 0.5546875
0 0.246875 0.6703125 0.459375 0.5796875
0 0.8484375 0.2171875 0.1515625 0.43125
0 0.7359375 0.13828125 0.18125 0.2765625
0 0.64375 0.22421875 0.15625 0.3546875
0 0.5484375 0.19140625 0.1421875 0.271875
0 0.46484375 0.234375 0.134375 0.2984375
0 0.3953125 0.23828125 0.14375 0.2734375
0 0.31328125 0.29921875 0.2109375 0.459375
0 0.05 0.453125 0.1 0.625