0 0.696875 0.71953125 0.190625 0.56015625
0 0.54921875 0.73515625 0.1578125 0.5109375
0 0.46484375 0.74765625 0.1984375 0.5046875
0 0.27265625 0.7890625 0.184375 0.421875
0 0.16015625 0.79296875 0.2484375 0.4140625
0 0.259375 0.42109375 0.12109375 0.29140625
0 0.3 0.596875 0.146875 0.353125
0 0.42890625 0.4625 0.1296875 0.3640625
0 0.57421875 0.36875 0.15234375 0.2953125
0 0.69453125 0.3984375 0.1125 0.23671875
0 0.7890625 0.390625 0.078125 0.29609375
0 0.85390625 0.68203125 0.2015625 0.6359375
0 0.903125 0.95859375 0.15 0.0828125
0 0.94609375 0.59453125 0.10703125 0.41171875
0 0.92890625 0.28984375 0.1421875 0.2796875
0 0.13046875 0.471875 0.1421875 0.35078125
0 0.025 0.5765625 0.05 0.475
0 0.03359375 0.30390625 0.0671875 0.20703125
0 0.14921875 0.23125 0.16328125 0.28125
0 0.2921875 0.21796875 0.11171875 0.23359375
0 0.3625 0.33828125 0.08359375 0.259375
0 0.4640625 0.21328125 0.1109375 0.17734375
0 0.36953125 0.16328125 0.078125 0.16953125
0 0.59375 0.2171875 0.11796875 0.20234375
0 0.740625 0.165625 0.17109375 0.225
0 0.8171875 0.19453125 0.103125 0.3171875
0 0.9234375 0.12265625 0.11171875 0.1828125
0 0.5265625 0.0734375 0.08515625 0.14140625
0 0.0359375 0.0953125 0.071875 0.190625
0 0.61875 0.059375 0.08984375 0.1140625
0 0.1765625 0.0515625 0.125 0.09765625