0 0.71875 0.69765625 0.2484375 0.5765625
0 0.5734375 0.72890625 0.2109375 0.525
0 0.490625 0.74375 0.25 0.5125
0 0.303125 0.7953125 0.228125 0.409375
0 0.1921875 0.80390625 0.290625 0.3921875
0 0.25234375 0.446875 0.1515625 0.303125
0 0.3109375 0.6171875 0.1828125 0.3671875
0 0.425 0.4703125 0.1671875 0.375
0 0.56015625 0.36171875 0.1828125 0.309375
0 0.6828125 0.37890625 0.1359375 0.246875
0 0.77578125 0.3609375 0.109375 0.303125
0 0.86875 0.64375 0.2625 0.653125
0 0.93515625 0.91328125 0.1296875 0.0984375
0 0.9390625 0.54765625 0.121875 0.4203125
0 0.9046875 0.24609375 0.1703125 0.29375
0 0.1296875 0.5109375 0.178125 0.3640625
0 0.04296875 0.625 0.0859375 0.478125
0 0.0296875 0.353125 0.059375 0.2125
0 0.1234375 0.26953125 0.1921875 0.296875
0 0.2640625 0.24140625 0.1359375 0.24375
0 0.34609375 0.35390625 0.1109375 0.2671875
0 0.434375 0.21875 0.128125 0.1875
0 0.33515625 0.17890625 0.0953125 0.1765625
0 0.5640625 0.20859375 0.1390625 0.2140625
0 0.7046875 0.1421875 0.19375 0.2421875
0 0.78359375 0.16328125 0.1359375 0.3265625
0 0.88203125 0.08828125 0.1296875 0.1765625
0 0.48125 0.0734375 0.1 0.146875
0 0.02109375 0.1453125 0.0421875 0.196875
0 0.57109375 0.05546875 0.1015625 0.1109375
0 0.13125 0.0875 0.134375 0.1109375