0 0.115625 0.40546875 0.221875 0.77421875
0 0.4671875 0.465625 0.2046875 0.58984375
0 0.690625 0.52109375 0.23203125 0.54140625
0 0.63125 0.6515625 0.27734375 0.2515625
0 0.9109375 0.3703125 0.0984375 0.48359375
0 0.84453125 0.39921875 0.06484375 0.4359375
0 0.2671875 0.278125 0.0546875 0.28203125
0 0.38828125 0.27578125 0.04296875 0.2265625
0 0.43515625 0.20859375 0.04140625 0.13515625
0 0.76171875 0.2578125 0.05703125 0.18203125
0 0.671875 0.21640625 0.0921875 0.109375
0 0.6 0.30859375 0.04921875 0.30546875
0 0.971875 0.2421875 0.0296875 0.14296875
0 0.0234375 0.2875 0.04375 0.24609375