0 0.10546875 0.72578125 0.11640625 0.54765625
0 0.2640625 0.6140625 0.07421875 0.4390625
0 0.33515625 0.63515625 0.0765625 0.4359375
0 0.5 0.6109375 0.065625 0.3828125
0 0.55625 0.625 0.07734375 0.4765625
0 0.70078125 0.71328125 0.1671875 0.5734375
0 0.8546875 0.665625 0.15234375 0.66875
0 0.94609375 0.70234375 0.1078125 0.5921875
0 0.409375 0.478125 0.034375 0.1625
0 0.20625 0.50859375 0.04140625 0.1828125
0 0.1625 0.503125 0.0375 0.184375
0 0.60859375 0.61953125 0.06484375 0.36875
0 0.7546875 0.4828125 0.06328125 0.275