0 0.74921875 0.57421875 0.3265625 0.646875
0 0.50078125 0.65703125 0.3703125 0.6859375
0 0.31328125 0.36953125 0.065625 0.1671875
0 0.2796875 0.41953125 0.04375 0.09375
0 0.27421875 0.62109375 0.084375 0.2265625
0 0.1359375 0.62265625 0.0734375 0.1984375
0 0.1140625 0.7109375 0.1609375 0.3875
0 0.18515625 0.4453125 0.040625 0.0921875
0 0.16171875 0.45390625 0.046875 0.103125
0 0.075 0.4296875 0.06875 0.16875
0 0.1859375 0.628125 0.09375 0.221875
0 0.22265625 0.6265625 0.0875 0.2125
0 0.1515625 0.60546875 0.078125 0.203125
0 0.0625 0.61015625 0.078125 0.1953125