0 0.1234375 0.4328125 0.246875 0.7875
0 0.46484375 0.46796875 0.2453125 0.603125
0 0.69140625 0.5078125 0.26875 0.55625
0 0.64140625 0.6421875 0.29375 0.2703125
0 0.90078125 0.3421875 0.13125 0.4890625
0 0.83671875 0.37578125 0.0953125 0.4390625
0 0.25234375 0.29453125 0.075 0.2859375
0 0.37265625 0.284375 0.059375 0.2296875
0 0.41484375 0.2140625 0.05 0.1375
0 0.74453125 0.23984375 0.0703125 0.1859375
0 0.6515625 0.20546875 0.1 0.115625
0 0.58671875 0.30234375 0.0703125 0.3078125
0 0.953125 0.21015625 0.0390625 0.1453125
0 0.0203125 0.32109375 0.040625 0.2484375