0 0.25390625 0.66015625 0.10234375 0.6796875
0 0.3671875 0.63671875 0.13125 0.7265625
0 0.4875 0.596875 0.11640625 0.80625
0 0.62890625 0.596875 0.121875 0.80625
0 0.76796875 0.56875 0.16875 0.8625
0 0.81484375 0.2953125 0.09375 0.3828125
0 0.1546875 0.45625 0.06875 0.4890625
0 0.5109375 0.24140625 0.09140625 0.4828125
0 0.62734375 0.19453125 0.10703125 0.3890625
0 0.92421875 0.17734375 0.0578125 0.35078125
0 0.06640625 0.3875 0.0796875 0.775
0 0.23828125 0.2890625 0.071875 0.56796875
0 0.4046875 0.23125 0.08984375 0.45078125
0 0.31796875 0.2109375 0.05703125 0.4015625
0 0.32109375 0.28359375 0.0390625 0.21796875
0 0.97734375 0.23203125 0.0453125 0.4640625
0 0.82578125 0.203125 0.0765625 0.40546875