0 0.1296875 0.53984375 0.15546875 0.22890625
0 0.26796875 0.525 0.18203125 0.2984375
0 0.39609375 0.471875 0.16328125 0.31875
0 0.11875 0.31640625 0.15703125 0.36484375
0 0.22578125 0.23984375 0.1265625 0.39609375
0 0.2796875 0.19375 0.10859375 0.3203125
0 0.45390625 0.15078125 0.14140625 0.30078125
0 0.56015625 0.2484375 0.11484375 0.28671875
0 0.6296875 0.1578125 0.1203125 0.315625
0 0.803125 0.603125 0.1875 0.434375
0 0.6890625 0.85703125 0.1359375 0.28515625
0 0.50390625 0.8328125 0.178125 0.334375
0 0.2609375 0.88828125 0.12109375 0.2234375
0 0.35078125 0.88671875 0.09453125 0.22578125
0 0.5546875 0.46875 0.1109375 0.2140625
0 0.928125 0.853125 0.14375 0.29375
0 0.95625 0.646875 0.0875 0.32421875
0 0.96640625 0.16484375 0.06640625 0.24296875
0 0.8421875 0.103125 0.17890625 0.20625
0 0.77421875 0.2390625 0.09453125 0.26328125
0 0.88984375 0.28515625 0.09375 0.2859375
0 0.0515625 0.13515625 0.07265625 0.15859375
0 0.16796875 0.0765625 0.1109375 0.153125
0 0.12734375 0.81875 0.18203125 0.3625