0 0.27421875 0.71015625 0.1015625 0.30546875
0 0.5453125 0.55234375 0.1515625 0.30078125
0 0.43203125 0.64375 0.18984375 0.23671875
0 0.31015625 0.45703125 0.12265625 0.18984375
0 0.4921875 0.88515625 0.09453125 0.2296875
0 0.23515625 0.12734375 0.11015625 0.19921875
0 0.146875 0.10859375 0.08125 0.2171875
0 0.65859375 0.82734375 0.09609375 0.23046875
0 0.73359375 0.265625 0.13125 0.16640625
0 0.5953125 0.15078125 0.153125 0.3015625
0 0.4703125 0.134375 0.115625 0.26796875
0 0.3890625 0.12265625 0.09375 0.24453125
0 0.09765625 0.32734375 0.19453125 0.24375
0 0.04765625 0.09375 0.0953125 0.1875
0 0.61015625 0.45703125 0.1578125 0.2375
0 0.7125 0.66640625 0.13203125 0.2359375
0 0.89453125 0.48125 0.10390625 0.2734375
0 0.93828125 0.31015625 0.075 0.19453125
0 0.81171875 0.96875 0.10078125 0.06171875
0 0.81015625 0.65234375 0.059375 0.15234375
0 0.83203125 0.51640625 0.07421875 0.2203125
0 0.7984375 0.08125 0.12734375 0.1625
0 0.925 0.07109375 0.0984375 0.1421875
0 0.8703125 0.25703125 0.09453125 0.15546875
0 0.7984375 0.86796875 0.0890625 0.134375
0 0.203125 0.56796875 0.1046875 0.1828125