0 0.27109375 0.67109375 0.1734375 0.6578125
0 0.38125 0.640625 0.20625 0.71875
0 0.496875 0.5953125 0.2 0.809375
0 0.63828125 0.5828125 0.20625 0.8140625
0 0.7734375 0.540625 0.2578125 0.875
0 0.79140625 0.26328125 0.1328125 0.390625
0 0.15234375 0.49296875 0.11875 0.49375
0 0.4828125 0.24296875 0.140625 0.4859375
0 0.59375 0.190625 0.146875 0.38125
0 0.8875 0.15625 0.09375 0.3125
0 0.06875 0.43359375 0.1375 0.7796875
0 0.21796875 0.3171875 0.13125 0.571875
0 0.37734375 0.24296875 0.1359375 0.4578125
0 0.2890625 0.23125 0.0984375 0.4046875
0 0.29921875 0.303125 0.0609375 0.2203125
0 0.946875 0.2078125 0.09375 0.415625
0 0.7921875 0.1875 0.11875 0.375