0 0.1359375 0.578125 0.178125 0.24375
0 0.271875 0.54921875 0.2125 0.315625
0 0.39375 0.4828125 0.1953125 0.334375
0 0.1015625 0.35703125 0.19375 0.3796875
0 0.2 0.2703125 0.1671875 0.4078125
0 0.24921875 0.21875 0.1421875 0.3296875
0 0.41796875 0.1578125 0.171875 0.3140625
0 0.53359375 0.24375 0.14375 0.296875
0 0.5921875 0.1546875 0.153125 0.309375
0 0.8125 0.57109375 0.23125 0.4515625
0 0.725 0.83515625 0.165625 0.2984375
0 0.5390625 0.82734375 0.2125 0.3453125
0 0.303125 0.896875 0.14375 0.20625
0 0.39140625 0.89140625 0.1171875 0.2171875
0 0.55078125 0.46328125 0.1328125 0.225
0 0.9375 0.80546875 0.125 0.3078125
0 0.95390625 0.5984375 0.0921875 0.33125
0 0.92890625 0.12109375 0.0921875 0.2421875
0 0.7984375 0.090625 0.2 0.18125
0 0.7453125 0.21171875 0.121875 0.271875
0 0.865625 0.2453125 0.1234375 0.29375
0 0.0296875 0.184375 0.059375 0.165625
0 0.12578125 0.11328125 0.1265625 0.1640625
0 0.1625 0.8328125 0.21875 0.334375