0 0.665625 0.65546875 0.2609375 0.6359375
0 0.88515625 0.63046875 0.2296875 0.6453125
0 0.78203125 0.5828125 0.1359375 0.459375
0 0.83125 0.41875 0.15 0.3
0 0.27890625 0.70078125 0.2453125 0.5984375
0 0.3421875 0.66953125 0.196875 0.6609375
0 0.15625 0.85546875 0.25625 0.2890625
0 0.11875 0.58828125 0.2375 0.3171875
0 0.14609375 0.5109375 0.078125 0.1953125
0 0.4515625 0.56171875 0.1265625 0.43125
0 0.51953125 0.5984375 0.1984375 0.6
0 0.771875 0.56171875 0.128125 0.440625
0 0.72421875 0.30703125 0.0484375 0.090625
0 0.63359375 0.325 0.0328125 0.040625
0 0.5390625 0.3625 0.0375 0.0859375
0 0.165625 0.3875 0.065625 0.0890625
0 0.0671875 0.47890625 0.134375 0.2765625
0 0.01015625 0.425 0.0203125 0.078125
0 0.01328125 0.37109375 0.0265625 0.0484375