0 0.37578125 0.60859375 0.26640625 0.7828125
0 0.659375 0.60625 0.2375 0.78671875
0 0.85078125 0.5296875 0.103125 0.596875
0 0.9609375 0.55390625 0.078125 0.5734375
0 0.07109375 0.471875 0.0984375 0.5140625
0 0.16875 0.6 0.09921875 0.2515625
0 0.1609375 0.4109375 0.0734375 0.2578125
0 0.171875 0.35859375 0.084375 0.2875
0 0.25703125 0.43359375 0.06171875 0.384375
0 0.28515625 0.39296875 0.05546875 0.3765625
0 0.3390625 0.44140625 0.09140625 0.49375
0 0.52109375 0.4859375 0.05546875 0.50234375
0 0.77109375 0.503125 0.07421875 0.5109375