0 0.32109375 0.77421875 0.1890625 0.4421875
0 0.57109375 0.8 0.1265625 0.4
0 0.71875 0.74921875 0.1359375 0.3125
0 0.8265625 0.75625 0.096875 0.3015625
0 0.871875 0.8359375 0.121875 0.1859375
0 0.89765625 0.72109375 0.0890625 0.346875
0 0.840625 0.759375 0.0546875 0.275
0 0.1421875 0.70234375 0.0890625 0.290625
0 0.2171875 0.7375 0.075 0.3390625
0 0.18984375 0.67890625 0.046875 0.21875
0 0.0953125 0.6953125 0.0546875 0.2546875
0 0.4484375 0.7265625 0.078125 0.2875
0 0.49921875 0.73359375 0.0796875 0.3234375
0 0.61953125 0.74375 0.071875 0.296875
0 0.046875 0.69140625 0.078125 0.2859375