0 0.29296875 0.68203125 0.2421875 0.6359375
0 0.39765625 0.64609375 0.2796875 0.7078125
0 0.5078125 0.5953125 0.28125 0.809375
0 0.64609375 0.56796875 0.2875 0.8140625
0 0.7765625 0.51171875 0.34375 0.878125
0 0.765625 0.234375 0.171875 0.39375
0 0.153125 0.52890625 0.16875 0.4921875
0 0.45703125 0.24453125 0.1890625 0.4890625
0 0.56015625 0.18828125 0.1859375 0.3765625
0 0.84765625 0.13671875 0.1296875 0.2734375
0 0.0859375 0.4796875 0.171875 0.775
0 0.2 0.3484375 0.1890625 0.5703125
0 0.35078125 0.25703125 0.18125 0.459375
0 0.26171875 0.25546875 0.1390625 0.4046875
0 0.2796875 0.32578125 0.0828125 0.221875
0 0.9109375 0.18515625 0.140625 0.3703125
0 0.75625 0.17421875 0.159375 0.3484375