0 0.3875 0.58828125 0.515625 0.8234375
0 0.23671875 0.4796875 0.328125 0.74375
0 0.08046875 0.3078125 0.1609375 0.478125
0 0.05078125 0.32421875 0.1015625 0.4953125
0 0.14296875 0.13984375 0.1375 0.184375
0 0.21953125 0.14375 0.140625 0.2171875
0 0.30703125 0.22578125 0.16875 0.4
0 0.37578125 0.1796875 0.1609375 0.3296875
0 0.5296875 0.23125 0.175 0.4625
0 0.4375 0.1734375 0.128125 0.334375
0 0.60703125 0.21953125 0.1484375 0.4390625
0 0.68359375 0.2109375 0.1828125 0.421875
0 0.775 0.20078125 0.1875 0.4015625
0 0.88984375 0.18984375 0.1859375 0.3796875