0 0.89140625 0.53203125 0.2171875 0.2734375
0 0.61328125 0.40625 0.2015625 0.2109375
0 0.40546875 0.43125 0.271875 0.2734375
0 0.20078125 0.50078125 0.3234375 0.3515625
0 0.3921875 0.2296875 0.21875 0.453125
0 0.6703125 0.7484375 0.246875 0.3234375
0 0.084375 0.7265625 0.165625 0.396875
0 0.83125 0.37109375 0.153125 0.2625
0 0.95 0.3671875 0.1 0.253125
0 0.6796875 0.2890625 0.134375 0.109375
0 0.7828125 0.26796875 0.1015625 0.121875
0 0.92421875 0.23046875 0.1140625 0.1078125
0 0.24453125 0.3015625 0.1359375 0.2125
0 0.23671875 0.22578125 0.1359375 0.103125
0 0.02734375 0.32421875 0.0546875 0.2078125
0 0.80703125 0.1578125 0.109375 0.14375