0 0.53828125 0.71640625 0.2640625 0.5671875
0 0.815625 0.51953125 0.1640625 0.2484375
0 0.90703125 0.4984375 0.096875 0.20625
0 0.24921875 0.60859375 0.23125 0.4640625
0 0.1 0.43984375 0.2 0.4609375
0 0.1765625 0.446875 0.103125 0.2109375
0 0.26015625 0.39296875 0.0890625 0.1515625
0 0.36953125 0.50078125 0.1078125 0.234375
0 0.4265625 0.4859375 0.1328125 0.30625
0 0.5171875 0.44375 0.0875 0.1875
0 0.63515625 0.49765625 0.10625 0.2296875
0 0.68046875 0.45390625 0.084375 0.1828125
0 0.20234375 0.334375 0.05 0.103125