0 0.4359375 0.55 0.315625 0.9
0 0.7640625 0.546875 0.31875 0.90625
0 0.028125 0.37890625 0.05625 0.31640625
0 0.09453125 0.3515625 0.075 0.36328125
0 0.209375 0.2984375 0.08515625 0.35
0 0.30703125 0.29921875 0.06875 0.3
0 0.93515625 0.13828125 0.0390625 0.26015625
0 0.90546875 0.1453125 0.03359375 0.2375
0 0.86328125 0.146875 0.05 0.22421875
0 0.81796875 0.15 0.04296875 0.234375
0 0.77890625 0.15703125 0.03203125 0.23984375
0 0.7515625 0.15625 0.034375 0.21484375
0 0.74375 0.203125 0.04609375 0.13125
0 0.7171875 0.15546875 0.03984375 0.209375
0 0.67890625 0.1515625 0.040625 0.20546875
0 0.63203125 0.16015625 0.0375 0.20703125
0 0.584375 0.15390625 0.03828125 0.19765625
0 0.54140625 0.1484375 0.0578125 0.1828125
0 0.48828125 0.17265625 0.0515625 0.2078125
0 0.98046875 0.22890625 0.03828125 0.3109375
0 0.1421875 0.32734375 0.06640625 0.31484375
0 0.2578125 0.309375 0.0421875 0.328125